"Time (s)","X (m/s^2)","Y (m/s^2)","Z (m/s^2)"
3.490625000E-3,5.376427084E-1,3.819570833E-1,-4.891131574E-1
2.338862500E-2,-2.738525909E-1,6.476118779E-1,-1.737586670E0
4.328662500E-2,-6.081981361E-2,7.717891967E-1,-2.310017388E0
6.318462500E-2,7.088026974E-1,8.989930344E-1,-2.075050535E0
8.308262500E-2,1.457201862E0,3.219634813E-1,-3.288596874E-1
1.029806250E-1,3.592795345E-1,5.562807083E-1,2.212106931E0
1.228786250E-1,8.451378393E-1,2.124895710E-1,2.817601315E0
1.427766250E-1,4.202317876E-1,-2.506137094E-1,5.027699143E-1
1.626736250E-1,-1.425859178E0,-6.150101423E-3,-2.039271423E0
1.825716250E-1,1.003439728E0,2.452523974E-1,-3.954471946E-1
2.024696250E-1,3.620756000E-1,7.368281096E-1,4.896574162E0
2.223676250E-1,3.491868018E0,-6.646629435E-1,4.961219224E0
2.422656250E-1,1.877880669E0,-1.715753459E0,8.972347766E-1
2.621636250E-1,-3.827093276E-1,-2.156385013E0,-2.965228307E-1
2.820616250E-1,-1.979423416E0,-2.398472897E0,-1.877540946E-1
3.019596250E-1,6.303387643E-1,-2.107149410E-1,1.773460507E-3
3.218576250E-1,1.590528319E0,-1.234634323E0,1.808818620E-1
3.417556250E-1,1.144595826E0,-2.181696147E0,1.735416183E0
3.616536250E-1,-3.532612878E-1,-2.714802001E0,3.547860078E0
3.815516250E-1,1.086279790E0,-3.346918173E0,1.844515872E0
4.014496250E-1,7.755779001E-1,-1.187530030E0,-5.935876983E-1
4.213476250E-1,1.344149894E0,-7.906286332E-1,-1.918218856E0
4.412456250E-1,6.943258685E-1,-1.629738870E0,1.821021760E-1
4.611436250E-1,1.357106593E-1,-3.187622477E0,1.881001328E0
4.810416250E-1,6.325284004E-2,-3.439802363E0,-8.812981904E-2
5.009396250E-1,-6.493429461E-1,-7.175030619E-1,-1.868081905E0
5.208376250E-1,-1.743140355E0,1.281909646E0,-3.647773790E0
5.407356250E-1,-1.458289737E-1,-2.167820120E-1,-2.280957896E0
5.606326250E-1,9.600251019E-1,-2.625253063E0,2.558652107E0
5.805306250E-1,3.667180699E-1,-4.299453576E0,3.052757617E0
6.004286250E-1,-1.602732920E0,-3.254639754E0,1.810335973E0
6.203266250E-1,-3.098975764E0,-5.376836389E-1,7.228120413E-1
6.402246250E-1,-2.351929060E0,-4.573259389E-1,1.748185333E0
6.601226250E-1,-1.529888892E-1,-3.117383384E0,3.344302713E0
6.800206250E-1,1.409790591E0,-3.691232636E0,3.429565058E0
6.999186250E-1,1.089036899E0,-2.772856666E0,2.928787290E0
7.198166250E-1,-6.383463800E-1,-2.692730516E0,2.509044330E0
7.397146250E-1,-1.828352998E0,-3.053462207E0,1.593744726E0
7.596126250E-1,-1.391125694E0,-3.003736315E0,6.521936099E-1
7.795106250E-1,1.877845001E-1,-2.812967396E0,1.914678074E0
7.994086250E-1,1.163541536E0,-2.158225424E0,3.887404017E-1
8.193066250E-1,6.999029428E-1,-2.483927615E0,1.179337789E0
8.392046250E-1,8.581145650E-1,-2.393122110E0,1.804725569E0
8.591026250E-1,1.146008660E0,-1.321141539E0,5.180972207E-1
8.790006250E-1,4.212166926E0,-1.402379245E0,-2.190993805E0
8.988986250E-1,3.596671464E0,-1.424741921E0,-4.653330795E-1
9.187966250E-1,4.878768221E0,-3.748983246E-1,1.634951663E-1
9.386946250E-1,4.918321711E0,1.507771214E0,-3.191785256E-1
9.585926250E-1,5.492873214E0,1.453366966E0,-3.803504147E-2
9.784898333E-1,5.085997637E0,4.609553057E-1,2.497205472E-1
9.983878333E-1,3.424702513E0,-3.104871511E-1,6.062802494E-1
1.018285833E0,2.245827239E0,-3.308518338E-1,3.332843486E-1
1.038183833E0,1.238426242E0,-1.255572617E-2,6.106225379E-1
1.058081833E0,3.479093313E-4,5.384700894E-3,3.952693661E-1
1.077979833E0,-8.807865590E-1,-3.705994517E-1,3.997095955E-1
1.097877833E0,-1.013310193E0,-4.915473533E-1,1.159415156E0
1.117775833E0,2.501497328E-2,-1.239795075E0,1.316188655E0
1.137673833E0,1.370311360E0,-5.413258696E-1,8.139509837E-1
1.157571833E0,1.165578121E0,2.360160186E0,2.112698564E0
1.177469833E0,-3.458797628E-1,2.151677712E0,3.903119359E0
1.197367833E0,-1.191849661E0,-8.604821026E-1,1.901644338E0
1.217265833E0,-6.697125989E-1,-1.060910622E0,1.798515826E0
1.237163833E0,6.430007637E-1,-1.323272265E0,2.782728521E0
1.257061833E0,1.813978788E0,-1.175969793E0,2.603524225E0
1.276959833E0,3.084973437E-1,-1.456792849E0,1.276002789E0
1.296857833E0,-1.243960047E-1,-8.639594418E-1,1.376627523E0
1.316755833E0,-2.340856773E-1,1.315740466E-2,1.891175483E0
1.336653833E0,9.744297177E-1,5.674968374E-1,2.174326901E0
1.356551833E0,4.550683290E-1,6.266063404E-1,1.597551702E0
1.376449833E0,-1.655709279E-1,9.563238144E-2,1.424112761E0
1.396347833E0,-4.613201720E-1,-2.288021332E-1,7.657887840E-1
1.416245833E0,-1.014716449E0,-3.856636333E-1,4.579656243E-2
1.436143833E0,-1.133207935E0,-4.742635685E-1,-6.598606253E-1
1.456041833E0,-9.523705119E-1,1.581525654E-1,8.770250452E-1
1.475939833E0,-7.283309358E-1,2.636217177E-2,9.737742448E-1
1.495837833E0,6.847954917E-1,-2.126702499E-1,3.752590978E-1
1.515735833E0,1.553178937E0,1.525480092E-1,1.373342557E0
1.535633833E0,1.705149826E0,-4.882489389E-1,5.070448136E-1
1.555531833E0,1.383742999E0,-1.091422563E0,-6.354180944E-1
1.575429833E0,-2.137496459E-1,-7.939729482E-1,-5.172107828E-1
1.595327833E0,-7.370579052E-1,-1.580648571E-1,5.031412125E-2
1.615225833E0,-1.196118128E-1,-1.451161981E-1,-8.610270631E-1
1.635123833E0,-3.343209869E-1,2.132935631E-1,-2.971775727E-1
1.655021833E0,-7.003695506E-1,2.434312820E-1,-2.656987218E-1
1.674919833E0,3.552288759E-1,1.154766619E-2,-5.034277991E-1
1.694817833E0,2.762166202E-2,-3.832376236E-1,-4.014628100E-1
1.714715833E0,-1.139312428E-1,-1.252865356E-1,-5.448938406E-1
1.734613833E0,9.157441378E-2,-1.178143787E-1,1.909746679E-1
1.754511833E0,1.915939611E-1,-2.048969615E-1,5.959155480E-1
1.774409833E0,-2.289746261E-1,-2.570582181E-1,6.598805058E-1
1.794307833E0,6.693541646E-2,-1.349299976E0,1.006726813E-1
1.814205833E0,3.699930954E-1,-1.535854222E0,-1.278201159E-1
1.834103833E0,2.413303775E0,-9.182157558E-1,-9.081334019E-1
1.854001833E0,2.425443179E0,8.451857865E-2,-3.509253252E-1
1.873899833E0,9.661009437E-1,7.177626783E-1,3.852543283E-1
1.893797833E0,7.032680154E-2,1.517230255E0,1.141164241E0
1.913695833E0,-6.706089771E-1,1.446806974E0,1.542226517E0
1.933593833E0,-1.046901278E0,1.468674976E0,1.220243740E0
1.953491833E0,-9.020996600E-1,-4.220683980E-1,-7.409498119E-1
1.973388833E0,6.402759612E-2,-2.290034528E0,-4.588858591E0
1.993286833E0,2.438487732E-1,-2.190316697E0,-7.162652063E-1
2.013184833E0,-3.580700380E-1,-1.944488057E0,6.855169650E-1
2.033082833E0,-1.284527444E0,-1.398713041E0,7.367223481E-1
2.052980833E0,-1.504144771E0,-3.743206197E-1,2.222491440E0
2.072878833E0,-5.477695012E-1,-1.396058405E0,1.525110548E0
2.092776833E0,-1.175228366E0,-2.500391035E0,3.254466677E-1
2.112674833E0,-8.112614107E-1,-3.051356040E0,-5.497072685E-1
2.132572833E0,1.008409057E0,-1.835148633E-1,-1.445704043E0
2.152470833E0,1.842704405E0,-9.142823339E-1,-1.079480209E0
2.172368833E0,3.917872469E0,3.901221353E-1,-2.997959851E0
2.192266833E0,3.880975953E0,4.536474556E-1,-4.708939643E-1
2.212164833E0,2.046837135E0,8.263197452E-1,-7.552625533E-1
2.232062833E0,9.201295495E-2,1.851140767E-1,-1.986310486E-1
2.251960833E0,-1.035270581E0,1.771735579E-1,1.638483381E0
2.271858833E0,-6.210830605E-1,-9.120206308E-1,1.217929412E0
2.291756833E0,4.254942816E-1,-2.748683107E0,1.251278422E0
2.311654833E0,1.143487340E-1,-3.376806800E0,2.108983097E0
2.331553833E0,9.965754622E-1,-2.645421864E0,1.211454206E0
2.351451833E0,1.791694465E0,-1.277453483E0,4.670428419E-1
2.371349833E0,9.033299142E-1,-5.711326361E-2,-4.319922924E-2
2.391247833E0,1.559879846E0,1.084129331E0,-1.705573164E0
2.411145833E0,2.037683319E0,1.418507035E0,-2.093048265E0
2.431043833E0,2.875385839E-1,1.154081326E0,-2.269172248E0
2.450941833E0,-1.802819670E0,1.447181196E0,-1.438942323E0
2.470839833E0,-1.903219286E0,1.335235083E0,-8.575923356E-1
2.490737833E0,-8.016041493E-1,-5.145818746E-1,-7.439366428E-1
2.510635833E0,9.830838892E-1,-1.279784768E0,1.030998605E0
2.530533833E0,1.574493500E0,-1.388538301E0,4.066340510E-1
2.550431833E0,2.575204405E0,-1.934422075E0,-4.006699276E-1
2.570329833E0,8.527886286E-1,-1.216929538E0,2.464168704E-1
2.590227833E0,5.923682615E-1,-4.866719449E-1,-1.526824951E-2
2.610125833E0,-2.954042584E-2,3.975311422E-1,6.298585618E-1
2.630023833E0,8.288086125E-1,6.343176484E-2,1.274843870E0
2.649921833E0,-6.447008416E-1,7.373485118E-1,1.609532647E0
2.669819833E0,1.324040589E-1,-2.145869672E-2,-3.412926221E-1
2.689717833E0,-3.794664618E-1,-3.491670674E-1,-3.450233796E0
2.709615833E0,5.228878444E-1,-1.250967935E0,-1.626089038E0
2.729514833E0,5.182533413E-1,-1.156832440E0,1.541137766E0
2.749412833E0,1.151631342E0,-1.446915148E0,7.966264147E-1
2.769310833E0,1.263807251E0,-2.049350268E0,-6.320003968E-1
2.789208833E0,1.219134816E0,-2.290380099E0,-7.974988192E-1
2.809106833E0,1.522462636E0,-1.699164616E0,-6.981334291E-2
2.829004833E0,1.041126860E0,-6.965881562E-1,2.456446286E0
2.848902833E0,3.355258057E-1,-9.914989096E-1,1.269839823E0
2.868800833E0,8.523243597E-1,-1.195919323E0,1.682875443E-1
2.888698833E0,1.410624989E0,-8.629747707E-1,7.642298432E-1
2.908596833E0,7.989139916E-1,-2.898727924E-1,8.625512861E-2
2.928494833E0,2.309094697E-1,-8.258426124E-1,-6.857788472E-1
2.948392833E0,-2.823165818E-1,-1.545127906E0,-3.230544256E-1
2.968290833E0,-7.317188126E-1,-1.960351553E0,2.256511856E0
2.988189625E0,-2.778854156E-1,8.623976505E-1,4.365730011E-1
3.008087625E0,5.910662328E-1,1.800853543E0,7.240184681E-1
3.027985625E0,6.942603797E-1,1.878490534E0,2.371414322E-1
3.047884625E0,2.189904322E-1,1.010278997E0,2.653102474E-1
3.067782625E0,3.741021531E-1,-5.715320009E-1,3.817435138E-1
3.087680625E0,9.649654144E-1,-1.089915150E0,4.115720612E-1
3.107578625E0,-2.863159311E-1,-1.745460531E0,8.435778022E-2
3.127476625E0,-3.256732473E-1,-1.100310330E0,9.771048188E-2
3.147374625E0,4.889395682E-1,-2.865556669E-1,2.322119370E-2
3.167272625E0,4.964456389E-1,-1.516510463E-1,3.497232838E-1
3.187170625E0,2.121451700E-1,-2.420484155E-1,6.054686558E-1
3.207068625E0,7.479085102E-1,2.960030133E-1,3.880527326E-1
3.226966625E0,3.747714400E-1,-3.541190743E-1,8.782915521E-1
3.246864625E0,7.485807207E-1,-8.589255738E-1,1.533800679E0
3.266762625E0,1.806009910E0,-1.093916400E0,-9.554065324E-2
3.286660625E0,1.338764755E0,-1.534309972E0,2.122020049E0
3.306559625E0,2.252419975E0,-4.602928162E-1,-1.497840303E-1
3.326457625E0,1.618371152E0,-1.693785177E0,-3.447785859E-1
3.346355625E0,1.773775234E0,-4.300404918E-1,7.635257654E-1
3.366253625E0,1.731363186E0,8.966336828E-1,1.667100824E0
3.386151625E0,2.383397167E0,9.626469934E-1,1.508192068E0
3.406049625E0,2.392567209E0,5.040603948E-1,8.254701447E-1
3.425947625E0,1.728517492E0,-9.130930102E-1,1.167976722E0
3.445845625E0,1.366820719E0,-6.585555267E-1,7.685731550E-1
3.465743625E0,5.756256366E-1,-6.480328774E-1,-1.228967786E-2
3.485641625E0,-4.450782149E-1,-5.547797281E-1,-2.109452044E0
3.505539625E0,-1.280241435E0,-1.508001595E0,-1.472782645E0
3.525438625E0,-4.404419576E0,-5.516498305E0,-6.723526168E-1
3.545336625E0,1.942741786E0,3.199871224E0,4.493429108E0
3.565234625E0,8.326171964E-1,6.162506291E0,2.394018488E0
3.585132625E0,-2.891474453E-1,5.226529033E0,3.930276167E-1
3.605030625E0,-8.788899415E-1,2.598827156E0,-1.678937343E0
3.624928625E0,-8.174111467E-1,1.763550062E0,-2.709190428E-1
3.644826625E0,-6.066588566E-1,4.994352472E-1,1.326604593E0
3.664724625E0,-1.828220267E0,-1.022990259E0,1.032474443E0
3.684622625E0,-1.409435373E0,-1.299867615E0,-1.194342914E0
3.704520625E0,1.176915141E0,1.905648512E-1,-1.778972093E0
3.724418625E0,2.423802158E0,1.129987873E0,-1.690561023E0
3.744317625E0,8.984231501E-1,5.747257501E-1,-2.432791813E-1
3.764215625E0,1.672594576E-1,5.205495429E-1,5.500874106E-1
3.784113625E0,1.821150398E-1,1.072917295E-1,3.066186333E-1
3.804011625E0,1.210959970E0,2.210691905E-1,1.571545187E-1
3.823909625E0,1.169176059E0,2.019172204E-1,-4.034146837E-1
3.843807625E0,6.567949301E-1,-5.619057298E-1,-1.098330463E0
3.863705625E0,9.586264479E-1,-1.857876760E-1,-2.001443446E-1
3.883603625E0,1.580442457E0,1.793610013E-1,-9.501374602E-2
3.903501625E0,2.145358333E0,1.191000645E0,-5.169498508E-1
3.923400625E0,1.167604620E0,7.684779185E-1,-1.103602094E0
3.943298625E0,4.758281372E-2,3.294906020E-2,-2.439693721E-1
3.963196625E0,-3.975083015E-1,-1.164028609E0,6.240992005E-1
3.983094958E0,-4.260941694E-1,-7.114506090E-1,1.375598559E0
4.002992958E0,8.732041821E-1,-1.021105117E-1,1.519307917E0
4.022890958E0,1.306337266E0,-4.284787005E-1,5.342966393E-1
4.042788958E0,1.970882096E0,-6.422558284E-1,6.194610429E-1
4.062686958E0,9.873020706E-1,-1.158811723E0,9.087194391E-1
4.082585958E0,3.734540623E-1,-9.861726809E-1,8.057159114E-1
4.102483958E0,8.018450546E-1,-2.656892931E-1,7.767922206E-1
4.122381958E0,8.581411698E-1,-4.161451685E-1,6.534412596E-1
4.142279958E0,1.190672616E0,2.635515511E-2,1.432931824E-1
4.162177958E0,1.077880704E0,1.021519099E0,1.087081590E0
4.182075958E0,1.726328441E0,1.361202568E0,1.485469641E0
4.201973958E0,1.952626504E0,1.178904510E0,2.089731724E0
4.221871958E0,3.221325243E0,7.726732957E-1,1.257133824E0
4.241770958E0,3.788558371E0,-7.893507242E-2,2.613326205E0
4.261668958E0,2.575054716E0,1.240855175E0,2.567168869E0
4.281566958E0,2.395928189E0,2.264441850E0,1.883168306E0
4.301464958E0,3.441937181E0,4.438234901E0,1.127011056E0
4.321362958E0,4.396627284E0,5.056887274E0,7.364097413E-1
4.341260958E0,5.533216079E0,3.431975280E0,-1.214465229E0
4.361158958E0,3.272786003E0,2.817111318E0,-2.082837857E0
4.381056958E0,-1.175910005E0,1.422614120E0,-4.207198839E-1
4.400955958E0,-3.318076782E0,-1.010025228E0,4.428061330E-1
4.420853958E0,-3.150325427E0,-8.457231456E-1,8.589537136E-1
4.440751958E0,-9.362412599E-1,3.153456026E-1,5.235561812E-1
4.460649958E0,-2.767565375E-1,8.530333346E-1,-8.897860086E-1
4.480547958E0,6.784568176E-2,1.190957960E0,-3.035153990E0
4.500445958E0,-8.647212609E-1,5.816646409E-1,-3.407125783E0
4.520343958E0,8.767861133E-1,3.888860339E-1,-2.202408593E0
4.540241958E0,1.137339066E0,-6.500349641E-2,-4.991178896E-1
4.560140958E0,9.335594344E-1,3.000732601E-1,-1.465287830E0
4.580038958E0,7.237721542E-1,3.356255007E-1,-2.637524030E0
4.599936958E0,-1.258937690E-1,4.275753057E-1,-2.235519183E0
4.619834958E0,-5.850533947E-1,2.067686552E-1,-1.656239329E0
4.639732958E0,-3.587331122E-1,-4.363958305E-1,-1.899141438E0
4.659630958E0,-5.032558179E-1,-1.337580986E0,-1.228143328E0
4.679528958E0,-8.326829776E-1,-2.120456504E0,-1.176604800E0
4.699427958E0,-1.289719479E0,-2.666096449E0,-1.224162836E0
4.719325958E0,-1.328155274E0,-3.342117609E0,-1.444136259E0
4.739223958E0,-8.798378482E-1,-3.656120106E0,-1.178515378E0
4.759121958E0,-4.653117737E-1,-3.542889360E0,-6.992068318E-1
4.779019958E0,1.335246686E-1,-3.660375125E0,-1.878584674E-1
4.798917958E0,-2.082775292E-1,-3.249470816E0,-9.842705816E-2
4.818816958E0,3.430622819E-1,-3.232762397E0,-2.052077410E-1
4.838714958E0,7.527062237E-2,-2.725103041E0,1.565782610E0
4.858612958E0,4.737054518E-1,-1.065356845E0,4.511492912E0
4.878510958E0,3.326193302E0,1.235786809E0,6.448645052E0
4.898408958E0,4.165349147E0,4.413699399E0,5.111162299E0
4.918306958E0,1.268880588E0,4.919274223E0,2.779975359E0
4.938204958E0,9.879841483E-1,1.221879791E0,2.682690262E0
4.958103958E0,1.531831337E0,-2.680393476E0,5.014306680E0
4.978002333E0,1.380978034E-1,-2.052120094E0,5.792861105E0
4.997900333E0,-2.551513534E0,4.841789845E0,1.129333570E0
5.017798333E0,-9.486140267E0,9.900709026E0,-8.481153585E0
5.037696333E0,-8.370229565E0,7.285755249E0,-8.899235351E0
5.057594333E0,1.484759789E0,-4.929077665E0,6.582397186E0
5.077493333E0,3.427376153E0,-1.112052475E1,-2.384320588E-1
5.097391333E0,1.121718229E0,-7.195581828E0,-7.938082906E0
5.117289333E0,2.657036773E0,1.850333267E0,-5.988104314E0
5.137187333E0,4.030621989E0,7.791393222E0,-8.100417546E-1
5.157085333E0,2.968189922E0,3.985164565E0,-1.459338727E0
5.176983333E0,2.827617741E-1,-1.859356690E0,-3.798281121E-1
5.196882333E0,-1.465630916E0,-3.280958072E0,5.040007532E-1
5.216780333E0,-7.572934375E-1,-2.925681249E0,4.923308802E-1
5.236678333E0,3.059388945E-1,-1.979338632E0,3.318856215E-1
5.256576333E0,1.050633921E0,-8.019994211E-1,-6.039016020E-1
5.276474333E0,1.489353216E0,-7.512853503E-2,-1.135730424E0
5.296372333E0,1.751390338E0,2.338009179E-2,-9.826362117E-1
5.316271333E0,1.641993903E0,-3.373147613E-1,-1.377766999E-1
5.336169333E0,1.650906960E0,-8.319687402E-1,3.634278417E-1
5.356067333E0,1.609480753E0,-9.543837082E-1,2.837116543E-1
5.375965333E0,1.394177648E0,-7.849039167E-1,3.521219578E-1
5.395863333E0,7.875290242E-1,-5.051158172E-1,1.102841298E0
5.415761333E0,1.882404368E-1,-4.272671574E-1,1.546015367E0
5.435660333E0,1.255748034E-1,-5.727008593E-1,1.269819943E0
5.455558333E0,5.181324501E-1,-4.885746288E-1,1.380682128E0
5.475456333E0,1.262788374E0,4.474499917E-1,1.634736485E0
5.495354333E0,2.228830260E0,1.343767340E0,1.235016146E0
5.515252333E0,2.481321803E0,1.857023651E0,1.477210157E0
5.535150333E0,2.681864635E0,1.096052388E0,1.815824462E0
5.555049333E0,3.103239554E0,1.180323629E0,1.471849576E0
5.574947333E0,2.625026483E0,3.106174271E0,3.839232388E0
5.594845333E0,2.989119738E0,4.382094029E0,2.713224715E0
5.614743333E0,3.620474895E0,6.045502921E0,1.185896172E0
5.634641333E0,6.354891965E0,4.709510039E0,-1.357613547E0
5.654540333E0,4.164817343E0,3.305644432E0,-3.495322845E0
5.674438333E0,-1.234877421E0,1.268654008E0,-3.181591659E0
5.694336333E0,-4.021774275E0,-6.469148898E-1,-4.283778945E0
5.714234333E0,-5.870182931E0,2.526079608E0,-3.175066166E0
5.734132333E0,-4.906387544E0,6.245614522E0,1.030783428E0
5.754030333E0,-2.345394212E0,6.917280675E0,2.909798457E0
5.773929333E0,2.388328855E-1,4.016616738E0,-1.234963375E0
5.793827333E0,1.382235003E0,1.694308503E0,-5.914965001E0
5.813725333E0,1.685542358E0,-5.224960810E-1,-5.703357775E0
5.833623333E0,1.659719299E0,-2.692584336E0,-2.734907360E0
5.853521333E0,5.136879084E-1,-2.929009484E0,-3.348543991E0
5.873420333E0,-1.561620854E0,-3.250422158E0,-3.292703666E0
5.893318333E0,-1.797313347E0,-3.209689284E0,-3.541711438E0
5.913216333E0,-1.416970387E0,-3.273363124E0,-3.310704904E0
5.933114333E0,-1.185079389E0,-3.543183475E0,-3.034227206E0
5.953012333E0,-9.212460753E-1,-3.635788168E0,-2.699563572E0
5.972910875E0,-8.680349511E-1,-3.537864262E0,-1.332500048E0
5.992808875E0,-6.902050433E-1,-3.648758461E0,2.156920910E-2
6.012706875E0,-7.639077348E-1,-4.106836352E0,5.276544946E-1
6.032604875E0,-3.186732531E-1,-4.537316555E0,3.352781761E-1
6.052502875E0,6.651295513E-1,-4.516691086E0,6.875907531E-1
6.072401875E0,6.957727620E-1,-3.405521307E0,1.767209834E0
6.092299875E0,8.083175569E-1,-2.856844318E-1,3.887983549E0
6.112197875E0,2.809304408E0,3.042423833E0,6.035472608E0
6.132095875E0,4.383802878E0,5.584485050E0,5.090686519E0
6.151993875E0,3.699482473E0,6.027235050E0,3.800997153E0
6.171892875E0,2.053489805E0,1.774445179E0,3.876513358E0
6.191790875E0,1.997753268E0,-1.339307084E0,7.020168282E0
6.211688875E0,7.687054483E-1,3.620742112E-1,5.246403719E0
6.231586875E0,-2.225647036E0,1.025483044E1,-4.860643899E0
6.251484875E0,-1.069776989E1,1.035297245E1,-1.403069217E1
6.271383875E0,-5.780418815E0,-1.716740177E0,-7.270150200E-1
6.291281875E0,1.088220627E0,-1.673126497E1,7.577340106E0
6.311179875E0,-1.751941000E0,-1.011409497E1,-4.334160894E-2
6.331077875E0,7.888434783E-1,-6.501203334E-1,-8.739464861E0
6.350975875E0,1.904136129E0,7.266748874E0,-6.893156818E0
6.370874875E0,2.423073010E0,8.953519147E0,-4.718255135E0
6.390772875E0,2.104825434E0,-8.393853486E-1,-1.652008576E0
6.410670875E0,-1.122364274E0,-4.306509411E0,1.105158842E-1
6.430568875E0,-1.182029993E0,-4.286117831E0,-2.277731694E-2
6.450467875E0,4.102260321E-2,-2.489048021E0,-1.269207739E0
6.470365875E0,1.067559783E0,3.657345682E-1,-3.138509374E0
6.490263875E0,2.298549098E0,5.066167974E-1,-1.724413697E-1
6.510161875E0,1.817691185E0,-2.743946278E-1,2.212905661E0
6.530059875E0,1.768030491E0,-7.877216899E-1,7.281350541E-1
6.549958875E0,2.065753608E0,-9.623306590E-1,2.460930808E-1
6.569856875E0,1.575109065E0,-8.200123537E-1,6.768152118E-5
6.589754875E0,8.433490299E-1,-8.738038141E-1,7.564649601E-1
6.609652875E0,1.870267010E-1,-1.252596384E0,1.289097043E0
6.629550875E0,-7.495779634E-2,-1.905081332E-1,2.375222028E0
6.649449875E0,2.042718941E-1,9.464806116E-1,2.730222571E0
6.669347875E0,1.140339492E0,1.207835948E0,1.120256352E0
6.689245875E0,1.608404135E0,1.840699979E0,1.525832094E0
6.709143875E0,2.078220896E0,2.330061058E0,3.182047741E0
6.729042875E0,3.572220455E0,1.523487360E0,1.846883702E0
6.748940875E0,3.121286692E0,3.002846369E0,2.189458034E0
6.768838875E0,2.235998947E0,4.749569314E0,2.398982482E0
6.788736875E0,1.737560650E0,6.456253449E0,2.568694408E0
6.808634875E0,5.473435900E0,5.083648226E0,-2.971822505E-1
6.828533875E0,5.136304742E0,3.299963277E0,-3.114481995E0
6.848431875E0,1.065527437E0,1.559885693E0,-4.305315410E0
6.868329875E0,-2.501920374E0,1.050642326E0,-4.045545838E0
6.888227875E0,-4.992204790E0,3.796954973E0,-2.141002450E0
6.908126875E0,-5.948519833E0,5.581747384E0,1.259976740E0
6.928024875E0,-5.179925555E0,4.779685982E0,2.906098339E0
6.947922875E0,-2.695395092E0,1.787563992E0,5.405375918E-1
6.967820875E0,3.154046595E-2,3.434829891E-2,-5.935036154E0
6.987719708E0,1.032079683E0,-8.433684719E-1,-7.509905337E0
7.007617708E0,2.509662088E0,-1.777521983E0,-3.417416298E0
7.027515708E0,9.789435489E-1,-1.976226159E0,-3.505800178E0
7.047413708E0,-1.319310191E0,-2.211558462E0,-4.092696615E0
7.067311708E0,-2.762028793E0,-2.650843987E0,-4.320921921E0
7.087210708E0,-2.202315769E0,-3.412719229E0,-3.779475306E0
7.107108708E0,-1.248536955E0,-4.571322792E0,-2.734608275E0
7.127006708E0,-7.273698729E-1,-4.955193084E0,-1.508026445E0
7.146904708E0,-7.311954137E-1,-4.655654259E0,-7.924898019E-1
7.166803708E0,-6.368131670E-1,-4.523956252E0,-3.503578529E-1
7.186701708E0,-1.184161303E-1,-4.702439001E0,1.340930271E-1
7.206599708E0,3.552450288E-1,-4.544353679E0,1.225767312E0
7.226497708E0,2.537778571E-1,-4.081637192E0,3.595291229E0
7.246396708E0,1.715227502E0,-2.343919544E0,6.101482995E0
7.266294708E0,4.001173365E0,2.418866231E0,5.068102233E0
7.286192708E0,2.992226948E0,9.764751906E0,3.273214897E0
7.306090708E0,6.939241648E-1,1.058172137E1,1.742979557E0
7.325989708E0,6.601833916E-1,2.162404429E0,4.383795569E0
7.345887708E0,1.508192798E0,-2.794384360E0,1.059027935E1
7.365785708E0,-5.336399969E-1,4.029057859E0,2.608553415E0
7.385683708E0,-6.198390069E0,8.809951292E0,-1.040343041E1
7.405581708E0,-7.017072181E0,3.336508960E0,-8.043237478E0
7.425480708E0,-3.606388660E0,-9.827380264E0,5.212240192E0
7.445378708E0,-2.306578056E0,-1.213048624E1,3.990419751E0
7.465276708E0,-1.638548578E0,-4.742963129E0,-5.980175489E0
7.485174708E0,4.962503419E-1,2.437649242E0,-8.857732984E0
7.505073708E0,1.338977301E0,9.571793205E0,-5.557131776E0
7.524971708E0,3.857773617E0,5.130360462E0,-4.776592805E0
7.544869708E0,2.029254850E0,-2.409510686E0,-1.970135114E0
7.564767708E0,-3.085371047E-1,-4.220475819E0,-7.283584177E-1
7.584666708E0,-1.293765168E0,-3.829257331E0,4.553846633E-1
7.604564708E0,-4.444062236E-1,-1.759783870E0,-9.364526367E-1
7.624462708E0,1.269683118E0,4.600729609E-1,-1.778935840E0
7.644360708E0,2.154567698E0,4.768842906E-1,1.062373595E0
7.664259708E0,1.712421277E0,-3.072086173E-1,2.342372371E0
7.684157708E0,1.501841407E0,-1.227424706E0,8.872856661E-1
7.704055708E0,1.364387546E0,-1.289203463E0,3.958611774E-1
7.723953708E0,1.160237567E0,-1.294633187E0,6.163245964E-1
7.743852708E0,1.252796213E0,-1.104864727E0,9.886005910E-1
7.763750708E0,8.601685457E-1,-6.274126714E-1,1.856475621E0
7.783648708E0,3.862790528E-1,4.572008085E-1,2.606858307E0
7.803546708E0,9.849702010E-1,7.444189650E-1,2.220334841E0
7.823445708E0,1.938695805E0,9.819585925E-1,1.400228493E0
7.843343708E0,2.244503722E0,2.158168706E0,2.537135231E0
7.863241708E0,4.043596961E0,1.824646448E0,1.799891238E0
7.883139708E0,3.432415575E0,3.583125805E0,2.745544907E0
7.903038708E0,1.637071425E0,5.445397332E0,4.577700934E0
7.922936708E0,1.082963980E0,5.601869992E0,1.609725605E0
7.942834708E0,2.647798757E0,5.629265952E0,3.919572839E-1
7.962732708E0,4.681765293E0,3.305031059E0,-2.034886011E0
7.982631750E0,1.594930395E0,5.934023416E-1,-3.320222125E0
8.002529750E0,-1.412274781E0,-5.240157723E-1,-4.838382672E0
8.022427750E0,-3.671980094E0,9.820024467E-1,-4.810050573E0
8.042326750E0,-6.902448043E0,5.105803910E0,6.608628380E-1
8.062224750E0,-6.280376219E0,6.678640017E0,4.851956398E0
8.082122750E0,-3.862713929E0,4.319656876E0,2.519579258E0
8.102020750E0,-2.177824706E-1,1.929943693E0,-5.631384398E0
8.121919750E0,-6.102651268E-1,3.331100285E-2,-9.621072369E0
8.141817750E0,1.734548895E0,-9.274637121E-1,-4.835944676E0
8.161715750E0,1.725223610E0,-1.381787691E0,-2.934171698E0
8.181613750E0,-1.581964926E-1,-2.287628399E0,-3.037432942E0
8.201512750E0,-2.149312513E0,-3.697139493E0,-4.098199722E0
8.221410750E0,-2.193340293E0,-4.507507449E0,-5.105675272E0
8.241308750E0,-1.622254434E0,-5.530945605E0,-3.582388763E0
8.261206750E0,-5.183369565E-1,-6.112238363E0,-1.429387534E0
8.281105750E0,-3.390382281E-1,-5.727403865E0,-5.317066151E-1
8.301003750E0,-5.044158324E-1,-5.292116666E0,1.951131079E-1
8.320901750E0,1.920525290E-2,-4.606191493E0,5.838728419E-1
8.340799750E0,3.953939849E-1,-3.640776427E0,1.536276391E0
8.360698750E0,5.429920337E-1,-2.744938551E0,4.476913648E0
8.380596750E0,2.098825899E0,-1.170483935E0,7.507940088E0
8.400494750E0,3.709968577E0,3.297060719E0,5.079342921E0
8.420393750E0,2.669927837E0,9.892609463E0,2.823364623E0
8.440291750E0,-1.720486780E0,1.016411089E1,2.264517279E0
8.460189750E0,-1.287335570E0,9.604689056E-1,4.871006042E0
8.480087750E0,3.410015038E-1,-4.060841569E0,7.958170431E0
8.499986750E0,-1.649878727E0,1.784897076E0,7.668506384E-1
8.519884750E0,-6.539531248E0,7.170519492E0,-1.109142316E1
8.539782750E0,-6.607612134E0,5.169956052E0,-6.422888067E0
8.559680750E0,-9.385482788E-1,-1.007208273E1,3.685537448E0
8.579579750E0,-2.101940126E0,-8.520886000E0,1.712699751E0
8.599477750E0,-4.682791626E-1,-3.287355511E0,-6.281442751E0
8.619375750E0,1.960874733E-1,3.830054891E0,-6.443093705E0
8.639274750E0,1.440947772E0,7.237002919E0,-5.919378480E0
8.659172750E0,2.830402039E0,2.458292252E0,-4.682651439E0
8.679070750E0,1.273822654E0,-2.962328088E0,-1.907289240E0
8.698968750E0,-7.562197425E-1,-4.218038700E0,-2.458280923E-1
8.718867750E0,-1.016186585E0,-3.108501463E0,9.042262924E-1
8.738765750E0,-2.120444517E-1,-7.909470141E-1,-1.988497710E0
8.758663750E0,1.185918099E0,1.609030956E-1,-1.119484520E0
8.778561750E0,1.847878898E0,1.550389230E-1,1.806128901E0
8.798460750E0,1.610061528E0,-6.343685192E-1,1.171323595E0
8.818358750E0,1.779302607E0,-1.247754305E0,3.772344334E-1
8.838256750E0,1.426496378E0,-1.075154439E0,1.134109576E0
8.858155750E0,1.416423380E0,-5.023647022E-1,1.696886541E0
8.878053750E0,1.751244304E0,5.432648063E-3,1.615849979E0
8.897951750E0,9.915053415E-1,7.481529969E-1,1.855943670E0
8.917849750E0,-9.218895614E-2,7.872141516E-1,2.318608117E0
8.937748750E0,2.286251087E-1,3.022051549E-1,1.674173762E0
8.957646750E0,5.889951490E-1,8.319728333E-1,1.830936445E0
8.977544625E0,1.409305272E0,1.562558455E0,3.510730551E0
8.997442625E0,3.120913932E0,1.362460889E0,1.744334064E0
9.017341625E0,3.418512651E0,2.871356522E0,1.110325441E0
9.037239625E0,2.221115444E0,4.917522397E0,3.387237064E0
9.057137625E0,1.178446088E0,6.654116210E0,3.095382942E0
9.077036625E0,3.571243093E0,6.510232605E0,2.295022642E0
9.096934625E0,4.446188284E0,3.594464725E0,-1.468253538E0
9.116832625E0,1.814831897E0,1.227293143E0,-5.038089645E0
9.136730625E0,-1.148249897E-1,-3.651071620E-1,-5.852430199E0
9.156629625E0,-4.036282094E0,2.145522348E0,-3.730207837E0
9.176527625E0,-6.579809793E0,5.559052586E0,2.607887417E0
9.196425625E0,-4.889602819E0,5.513869981E0,4.943245468E0
9.216324625E0,-3.960261274E0,3.169337649E0,1.121287947E0
9.236222625E0,-1.289950152E0,9.213796842E-1,-8.129629505E0
9.256120625E0,3.454374940E-1,-5.345799369E-1,-7.669542511E0
9.276018625E0,2.508597602E0,-1.602898981E0,-3.660193569E0
9.295917625E0,9.461815265E-1,-2.011141638E0,-2.575830642E0
9.315815625E0,-1.129966823E0,-2.949353117E0,-2.992251799E0
9.335713625E0,-1.681565666E0,-3.569695335E0,-4.321966234E0
9.355612625E0,-1.784924558E0,-4.565962064E0,-4.420514329E0
9.375510625E0,-1.359119497E0,-5.477907266E0,-3.401155191E0
9.395408625E0,-6.568417078E-1,-5.974601923E0,-1.939803268E0
9.415306625E0,-4.611136191E-1,-5.882137563E0,-6.190265948E-1
9.435205625E0,2.487728597E-1,-5.320194996E0,9.094469789E-1
9.455103625E0,1.054105632E0,-3.656377383E0,1.373450146E0
9.475001625E0,1.023097263E0,-2.360764203E0,2.294981858E0
9.494900625E0,1.031126075E0,-1.730965283E0,5.272820270E0
9.514798625E0,1.689380324E0,3.691224450E-1,5.925395265E0
9.534696625E0,1.712505769E0,5.008331995E0,4.472407491E0
9.554594625E0,4.204251842E-1,9.196523582E0,3.038606478E0
9.574493625E0,-2.495239346E-1,5.863618262E0,3.263937120E0
9.594391625E0,1.133396508E0,-4.617253840E-1,6.639360176E0
9.614289625E0,-1.337080464E0,2.768992242E0,5.045784581E0
9.634188625E0,-6.114083160E0,9.052300839E0,-6.856860226E0
9.654086625E0,-7.787441089E0,3.868650607E0,-9.957260957E0
9.673984625E0,-1.782320209E0,-8.680858219E0,1.060025938E0
9.693882625E0,-9.746687226E-2,-1.208742033E1,4.612707922E0
9.713781625E0,-8.731756769E-1,-6.050588830E0,-2.238540731E0
9.733679625E0,-1.446255436E-1,2.147173017E0,-8.078224293E0
9.753577625E0,4.293326864E-1,9.260123162E0,-6.799507227E0
9.773476625E0,1.647415588E0,5.893077119E0,-5.587510985E0
9.793374625E0,1.666941780E0,-1.657942915E0,-2.483848093E0
9.813272625E0,4.857779056E-1,-4.508979778E0,-8.787143058E-1
9.833170625E0,-5.928247829E-1,-3.933678662E0,5.518899975E-1
9.853069625E0,-7.014036307E-1,-1.781953003E0,-9.271158028E-1
9.872967625E0,3.738693608E-1,1.735436064E-1,-2.647635620E0
9.892865625E0,2.121117239E0,-5.008315623E-1,-1.007966423E-1
9.912764625E0,1.564273736E0,-7.176048034E-1,1.300787966E0
9.932662625E0,1.304472004E0,-1.192598104E0,5.677997231E-1
9.952560625E0,4.202832431E-1,-1.192624417E0,1.166332412E0
9.972459625E0,1.045821005E0,-1.095920241E-1,2.097680429E0
9.992357708E0,2.443200588E0,-1.338310719E-1,3.073517572E0
1.001225571E1,1.794691309E0,-6.219472790E-1,1.505619731E0
1.003215371E1,-1.451542050E-2,-4.094278872E-1,7.153296518E-1
1.005205271E1,-2.786894077E-1,5.849186164E-1,1.323884468E0
1.007195071E1,1.397496235E0,1.962703888E0,1.286314646E0
1.009184871E1,2.596591181E0,2.902028092E0,3.011435344E0
1.011174771E1,2.331781602E0,1.209693024E0,2.311351430E0
1.013164571E1,2.192986244E0,1.471881005E0,1.145865695E0
1.015154371E1,1.046865610E0,4.085539623E0,3.400582164E0
1.017144171E1,1.367682160E0,5.684253752E0,2.775866228E0
1.019134071E1,3.082395399E0,7.083673137E0,1.111944097E0
1.021123871E1,5.129715514E0,4.672908808E0,-1.594576347E0
1.023113671E1,1.472139305E0,1.773429517E0,-2.411393928E0
1.025103571E1,-1.444315476E0,-4.721989167E-1,-4.210024506E0
1.027093371E1,-2.829291361E0,4.020334983E-1,-4.454980742E0
1.029083171E1,-5.085060913E0,4.874215579E0,1.094826227E0
1.031073071E1,-4.344823292E0,6.764299972E0,5.540446161E0
1.033062871E1,-3.258285493E0,4.656143671E0,2.361175701E0
1.035052671E1,-2.599645767E-1,1.789501174E0,-5.955993744E0
1.037042471E1,-6.465330666E-1,-1.848644006E-1,-8.674408740E0
1.039032371E1,1.071356819E0,-1.906046122E0,-5.941190933E0
1.041022171E1,8.088425638E-1,-2.440514377E0,-3.847257107E0
1.043011971E1,-5.391951442E-1,-2.337699276E0,-3.197009012E0
1.045001871E1,-1.733743734E0,-2.245175275E0,-3.540592573E0
1.046991671E1,-1.799268071E0,-3.218375908E0,-4.254890776E0
1.048981471E1,-1.487322039E0,-4.904554442E0,-3.214263561E0
1.050971371E1,-5.078680285E-1,-5.858272153E0,-1.831089203E0
1.052961171E1,-1.867108051E-1,-5.251702466E0,-9.640234280E-1
1.054950971E1,-5.462800692E-1,-4.303537272E0,-1.934390500E-1
1.056940871E1,-2.737084571E-1,-4.173429122E0,7.805839938E-1
1.058930671E1,4.854538237E-1,-3.947931835E0,1.210492339E0
1.060920471E1,1.188467047E0,-2.844368699E0,2.983765150E0
1.062910271E1,2.008125205E0,-3.601060385E-1,4.744321145E0
1.064900171E1,3.059907008E0,2.719187998E0,4.319627640E0
1.066889971E1,1.316829364E0,5.984535758E0,3.952311107E0
1.068879771E1,-1.406727673E0,5.763403417E0,3.275830356E0
1.070869671E1,-1.657802874E0,9.838940209E-1,2.780903020E0
1.072859471E1,-1.377956156E0,1.127729094E-1,5.053124006E0
1.074849271E1,-3.482635556E0,7.175513014E0,1.801843185E0
1.076839171E1,-6.859866865E0,8.117868415E0,-8.220920913E0
1.078828971E1,-4.926258137E0,-8.732056439E-2,-5.199139506E0
1.080818771E1,3.174916770E-1,-9.135687981E0,2.419121462E0
1.082808571E1,1.449213396E-1,-8.583457054E0,1.978765020E-1
1.084798471E1,6.130011852E-1,-2.837079560E0,-5.797878016E0
1.086788271E1,7.064084087E-1,4.535638989E0,-6.042472894E0
1.088778071E1,1.392026457E0,7.083075551E0,-4.183363541E0
1.090767971E1,2.579250386E0,1.413073803E0,-3.102616825E0
1.092757771E1,1.341513385E0,-2.625831352E0,-1.452166386E0
1.094747571E1,-7.888952261E-1,-3.616069018E0,-3.503183842E-1
1.096737471E1,-8.738650636E-1,-2.694929069E0,2.551415739E-1
1.098727258E1,-3.180649965E-1,-8.799451447E-1,-2.217943622E0
1.100717058E1,8.021413623E-1,3.487793970E-1,-2.554859018E0
1.102706958E1,1.616582197E0,-9.046344280E-2,6.481276023E-1
1.104696758E1,1.249171378E0,-4.873069525E-2,1.791881576E0
1.106686558E1,1.250884758E0,-3.881855375E-1,9.790846860E-1
1.108676458E1,1.426223460E0,-1.100554744E0,7.364720873E-1
1.110666258E1,1.646550200E0,-9.222363013E-1,6.172439980E-1
1.112656058E1,2.143611039E0,-9.148775804E-1,7.645610149E-1
1.114645858E1,1.655313276E0,-8.383457136E-1,1.403019954E0
1.116635758E1,1.202381958E-1,-4.531703228E-1,1.298601400E0
1.118625558E1,-8.024476102E-1,-1.714941573E-1,1.407276288E0
1.120615358E1,-1.480783975E-1,6.544981438E-1,2.104216447E0
1.122605258E1,6.867136708E-1,2.094420022E0,2.620175633E0
1.124595058E1,1.437889532E0,1.824079853E0,2.582016996E0
1.126584858E1,2.464442353E0,1.251859635E0,7.087547502E-1
1.128574758E1,1.544471848E0,3.466616524E0,2.399611057E0
1.130564558E1,1.122100126E0,4.683111615E0,3.786173292E0
1.132554358E1,1.557529558E0,6.508973114E0,2.736249003E0
1.134544258E1,5.258372970E0,5.536961221E0,1.053925392E0
1.136534058E1,5.042503123E0,3.716620077E0,-1.737840439E0
1.138523858E1,1.991948737E0,1.359370050E0,-4.307344394E0
1.140513758E1,-1.109346910E-1,-3.306465966E-1,-4.815192615E0
1.142503558E1,-2.951014311E0,1.521610404E0,-4.398359814E0
1.144493358E1,-5.595671943E0,5.672803150E0,2.023791504E0
1.146483258E1,-4.591907330E0,6.330585090E0,5.966153866E0
1.148473058E1,-3.422182948E0,3.470487381E0,9.377542269E-1
1.150462858E1,-1.467815582E0,1.590127493E0,-7.680982003E0
1.152452658E1,3.032376270E-1,-1.176860908E0,-7.831674106E0
1.154442558E1,1.464799003E0,-2.393735483E0,-5.473503728E0
1.156432358E1,1.851478444E-1,-2.441446424E0,-3.185589692E0
1.158422158E1,-1.323596200E0,-2.838196378E0,-2.799007169E0
1.160412058E1,-1.454710656E0,-2.961068013E0,-3.884871076E0
1.162401858E1,-8.705764434E-1,-3.956350071E0,-4.169165332E0
1.164391658E1,-6.502222212E-1,-5.391475478E0,-3.257126283E0
1.166381558E1,-2.273909077E-1,-5.738228230E0,-2.066613588E0
1.168371358E1,-2.026437369E-1,-5.396782996E0,-8.894597340E-1
1.170361158E1,-1.727888770E-1,-5.079713050E0,6.193034604E-1
1.172351058E1,4.335796653E-1,-4.487123471E0,1.645557343E0
1.174340858E1,6.246919620E-1,-3.012289622E0,2.934736832E0
1.176330658E1,1.466279226E0,-7.073166275E-1,5.608756843E0
1.178320558E1,1.892375040E0,1.989072492E0,4.582672237E0
1.180310358E1,9.933362509E-1,6.570212758E0,2.590790451E0
1.182300158E1,-4.710899922E-1,8.378634353E0,1.339436892E0
1.184290058E1,-8.408910066E-2,3.407063802E0,2.972282973E0
1.186279858E1,3.319970110E-1,-2.280504736E0,6.038894398E0
1.188269658E1,-1.323932561E0,-1.300177517E0,6.326448770E0
1.190259558E1,-4.810995776E0,6.373753914E0,-3.483060649E0
1.192249358E1,-1.041734795E1,7.228440256E0,-9.751667007E0
1.194239158E1,-3.853329733E0,-2.116427187E0,-8.917193905E-1
1.196228958E1,5.377060045E-1,-9.603345366E0,3.872126485E0
1.198218833E1,9.067261232E-1,-7.231973729E0,-1.154894966E0
1.200208633E1,1.793313266E0,-4.341604400E-1,-7.768271577E0
1.202198433E1,1.748196881E0,5.922744722E0,-7.561395918E0
1.204188333E1,1.509657818E0,7.058663426E0,-5.398285146E0
1.206178133E1,1.624464536E0,-1.482678473E-2,-2.290354517E0
1.208167933E1,-3.105824608E-1,-3.676496483E0,-2.964222586E-1
1.210157833E1,-1.001907246E0,-3.715949401E0,4.526791567E-1
1.212147633E1,-3.264452259E-1,-2.184695769E0,2.750056253E-1
1.214137433E1,5.893262476E-1,4.623919666E-1,-1.924219269E0
1.216127333E1,1.975478592E0,9.741952443E-1,-1.792033603E0
1.218117133E1,2.284120216E0,-1.762333256E-1,2.789098660E-1
1.220106933E1,1.838447924E0,-7.739327860E-1,9.157944238E-1
1.222096833E1,1.372371627E0,-1.219777132E0,7.115827560E-1
1.224086633E1,1.080998000E0,-1.366659774E0,5.820015136E-1
1.226076433E1,1.377647716E0,-1.109890993E0,3.610259517E-1
1.228066333E1,1.987190565E0,-2.774778646E-1,2.070274529E0
1.230056133E1,1.250618710E0,-8.274219453E-2,2.598381014E0
1.232045933E1,-8.379557043E-2,-4.364583957E-1,1.289028046E0
1.234035833E1,-7.637405044E-1,-2.497661555E-1,1.234441657E0
1.236025633E1,2.535045728E-2,9.454210961E-1,1.583211260E0
1.238015433E1,8.870726082E-1,2.195765133E0,2.269369591E0
1.240005333E1,1.352777022E0,1.369825457E0,2.626270186E0
1.241995133E1,2.072428936E0,1.390636867E0,6.037226772E-1
1.243984933E1,7.276982671E-1,3.756511536E0,2.611801251E0
1.245974833E1,9.019078714E-1,4.903803075E0,3.833436336E0
1.247964633E1,2.228230921E0,7.334181304E0,1.931538813E0
1.249954433E1,5.635896109E0,5.265883718E0,7.311663969E-1
1.251944333E1,3.840880134E0,2.762279638E0,-1.969867458E0
1.253934133E1,3.943816857E-1,5.553352135E-1,-3.035481434E0
1.255923933E1,-5.674095677E-1,-5.386139309E-1,-4.868686452E0
1.257913833E1,-3.768802968E0,2.950083434E0,-3.959203513E0
1.259903633E1,-4.936276757E0,6.367210295E0,2.648224434E0
1.261893433E1,-4.278495401E0,5.834190395E0,5.250683881E0
1.263883333E1,-1.022940411E0,2.663524259E0,-1.968148376E0
1.265873133E1,-2.911053854E-1,1.367279579E0,-7.805822396E0
1.267862933E1,1.004869153E0,-9.737654740E-1,-6.284821272E0
1.269852833E1,1.141868100E0,-2.321017170E0,-4.070089233E0
1.271842633E1,-6.647500670E-1,-2.772133366E0,-3.661091409E0
1.273832433E1,-2.114267957E0,-2.917067131E0,-3.934128898E0
1.275822333E1,-1.609091913E0,-3.144770572E0,-3.565918618E0
1.277812133E1,-6.695737275E-1,-3.766896776E0,-3.570861270E0
1.279801933E1,-5.083567826E-1,-4.536028413E0,-3.229877088E0
1.281791733E1,-3.814792196E-1,-4.862549799E0,-1.871374765E0
1.283781633E1,-3.569020566E-1,-4.690700716E0,-1.243997469E0
1.285771433E1,-1.231501092E-1,-4.638537120E0,1.120420074E-1
1.287761233E1,1.073737220E0,-4.635648596E0,1.460178095E0
1.289751133E1,8.838253570E-1,-3.425135792E0,3.295900632E0
1.291740933E1,1.105456319E0,-2.207997508E0,5.127026380E0
1.293730733E1,1.849475919E0,7.927362621E-2,5.242538710E0
1.295720633E1,1.985475723E0,4.216245359E0,3.275044490E0
1.297710433E1,7.118014419E-1,8.104479461E0,1.839256302E0
1.299700312E1,-1.130378614E0,5.421569343E0,2.297122231E0
1.301690213E1,-2.190561988E0,6.278050196E-1,4.799965881E0
1.303680013E1,-2.593205643E0,1.864726773E0,7.091865671E0
1.305669813E1,-3.042127087E0,7.240864420E0,2.257878935E-1
1.307659713E1,-5.041162941E0,3.288968757E0,-1.197640042E1
1.309649513E1,-3.651330652E0,-4.849039223E0,-1.540548659E0
1.311639313E1,1.254911882E-1,-9.735974250E0,3.053014018E0
1.313629213E1,1.165540114E0,-6.135724289E0,-7.433571106E-1
1.315619013E1,2.053039277E0,8.883125103E-1,-6.977215805E0
1.317608813E1,1.648849471E0,6.575584010E0,-6.284335953E0
1.319598713E1,2.148321702E0,7.142546997E0,-3.975134836E0
1.321588513E1,2.469425935E0,-3.076857501E-1,-2.353894456E0
1.323578313E1,2.133654839E-1,-3.854305633E0,-1.098767835E0
1.325568213E1,-1.836300242E0,-4.002757083E0,-3.267973745E-1
1.327558013E1,-1.429606659E0,-2.813908798E0,-4.846301337E-1
1.329547813E1,1.295756145E-1,-5.208015579E-1,-2.598322542E0
1.331537713E1,2.040684695E0,6.569802868E-1,-1.775027561E0
1.333527513E1,2.076608380E0,4.221116674E-1,1.715384792E0
1.335517313E1,1.680002121E0,4.527616024E-2,2.068857164E0
1.337507213E1,1.941978578E0,-7.929678118E-1,6.499847511E-1
1.339497013E1,1.742537800E0,-1.357657401E0,2.677207620E-1
1.341486813E1,1.410433931E0,-1.372961903E0,1.136092074E-1
1.343476713E1,1.145873297E0,-6.726981872E-1,8.226377535E-1
1.345466513E1,4.248664369E-1,3.326100916E-1,2.795909607E0
1.347456313E1,-5.464057843E-1,5.567981869E-1,2.632239901E0
1.349446213E1,-4.860305053E-1,-1.836107576E-1,1.279649405E0
1.351436013E1,-1.563668257E-1,2.863469213E-1,1.290715845E0
1.353425813E1,9.390705813E-1,1.810887950E0,2.906765506E0
1.355415713E1,3.381060942E0,1.523597873E0,1.739488331E0
1.357405513E1,3.380223036E0,3.152141572E0,5.676181671E-1
1.359395313E1,1.212538279E0,5.110058929E0,3.560860777E0
1.361385212E1,1.166367787E0,5.711466694E0,3.023148779E0
1.363375013E1,2.591528954E0,6.440381767E0,1.618758238E0
1.365364813E1,3.793406298E0,3.929037142E0,3.223950058E-2
1.367354713E1,1.751972282E0,1.234710336E0,-2.800095921E0
1.369344513E1,7.999488026E-2,-1.808216357E-1,-5.503812186E0
1.371334313E1,-2.032789784E0,4.773889053E-1,-5.670551387E0
1.373324213E1,-6.091812869E0,4.562249082E0,-7.211967480E-1
1.375314013E1,-6.253203038E0,5.803415914E0,6.157229179E0
1.377303813E1,-3.947961656E0,4.039220905E0,4.672852675E0
1.379293713E1,3.190145843E-1,1.820647538E0,-5.592773479E0
1.381283513E1,7.786690307E-1,2.475576621E-1,-8.592153034E0
1.383273313E1,2.170708498E0,-1.581702824E0,-6.664865731E0
1.385263213E1,1.229604401E0,-2.423556283E0,-3.909410671E0
1.387253013E1,-8.689858545E-1,-2.317838624E0,-3.184548888E0
1.389242813E1,-1.522245997E0,-2.634164804E0,-3.680587780E0
1.391232713E1,-1.224604301E0,-3.755397057E0,-4.304962238E0
1.393222513E1,-9.249043858E-1,-4.884274544E0,-3.521999012E0
1.395212313E1,-4.556340471E-1,-5.581521682E0,-1.808135666E0
1.397202213E1,-1.930417317E-1,-5.484221674E0,-7.910236126E-1
1.399191971E1,-2.480152068E-1,-4.832981599E0,1.194135922E-1
1.401181771E1,3.989056765E-1,-4.277325373E0,7.716251823E-1
1.403171671E1,6.484057836E-1,-3.379614633E0,1.449122179E0
1.405161471E1,3.579475388E-1,-2.039155648E0,4.003554643E0
1.407151271E1,1.745111598E0,-3.220242923E-1,5.369440831E0
1.409141171E1,2.435285505E0,4.521478202E0,3.494446932E0
1.411130971E1,8.763691337E-1,9.354076223E0,2.420405510E0
1.413120771E1,-1.703618732E0,7.244252297E0,2.661687648E0
1.415110671E1,-1.560900185E0,-6.297948271E-1,5.756512474E0
1.417100471E1,-2.917762365E0,-3.480936356E0,6.271420038E0
1.419090271E1,-2.879501986E0,4.473414674E0,1.367839742E0
1.421080171E1,-5.081734432E0,9.225028759E0,-8.326504086E0
1.423069971E1,-3.947591819E0,1.842673999E-1,-6.012961997E0
1.425059771E1,-1.702814448E0,-1.048782093E1,3.368057027E0
1.427049671E1,4.381179817E-1,-9.970658097E0,1.125482886E0
1.429039471E1,1.424958415E0,-1.735679308E0,-5.057366745E0
1.431029271E1,1.512598968E0,6.357079993E0,-7.574097240E0
1.433019171E1,1.339729253E0,9.074417932E0,-5.225181835E0
1.435008971E1,2.258754117E0,1.991744669E0,-2.437169916E0
1.436998771E1,8.844138792E-1,-2.917369432E0,-5.117857361E-1
1.438988671E1,-9.789012296E-1,-4.325247983E0,2.811421685E-1
1.440978471E1,-1.727365152E0,-3.624953277E0,6.401847446E-1
1.442968271E1,-9.615649661E-1,-1.995972791E0,-8.138739467E-1
1.444958171E1,6.523871528E-1,9.341979504E-2,-3.791037591E0
1.446947971E1,2.196553776E0,8.235534275E-1,-2.490765933E0
1.448937771E1,2.411683219E0,-2.256715339E-1,2.090150385E0
1.450927671E1,1.882676848E0,-7.060349178E-1,2.369832065E0
1.452917471E1,1.872313243E0,-6.275471574E-1,7.439645632E-1
1.454907271E1,1.599665178E0,-9.194050795E-1,5.130200833E-3
1.456897171E1,1.578906247E0,-1.196019310E0,4.963012858E-1
1.458886971E1,8.309612650E-1,-8.866507316E-1,1.107779564E0
1.460876771E1,-6.458007029E-1,-3.184095436E-1,2.721158509E0
1.462866671E1,-3.957793164E-1,9.383611679E-3,2.592917376E0
1.464856471E1,1.124433165E0,2.797033149E-1,1.078972817E0
1.466846271E1,1.142393619E0,7.602865541E-1,3.005907387E-2
1.468836171E1,1.060566513E0,2.163235903E0,2.252300984E0
1.470825971E1,2.127789789E0,2.153598522E0,2.567089347E0
1.472815771E1,1.308038514E0,3.207357999E0,2.454343335E0
1.474805671E1,3.495781267E-1,4.469754317E0,3.508783135E0
1.476795471E1,6.194040325E-1,4.943893340E0,2.536859534E0
1.478785271E1,2.578393184E0,6.522762018E0,1.020733526E0
1.480775171E1,4.597004055E0,4.633717260E0,5.399143517E-1
1.482764971E1,2.643351365E0,1.782561114E0,-2.912164825E0
1.484754771E1,3.428487124E-1,-1.043213439E-1,-5.125434183E0
1.486744671E1,-1.669561625E0,-2.181455827E-1,-4.802515851E0
1.488734471E1,-5.489893473E0,4.410655339E0,8.175174198E-1
1.490724271E1,-5.875772284E0,6.072273813E0,6.359077987E0
1.492714171E1,-4.025151919E0,4.308312108E0,3.457977848E0
1.494703971E1,-5.269643770E-1,1.371985418E0,-4.415954086E0
1.496693771E1,6.223788035E-1,5.333666396E-1,-9.441337146E0
1.498683638E1,1.905091564E0,-1.680054161E0,-6.905195650E0
1.500673438E1,8.364750431E-1,-2.024011359E0,-3.924971281E0
1.502663238E1,-1.166295794E0,-1.943815627E0,-2.794900377E0
1.504653138E1,-2.187200716E0,-2.247471476E0,-3.522253951E0
1.506642938E1,-1.351011456E0,-3.520413832E0,-5.040710367E0
1.508632738E1,-1.040745329E0,-4.671891977E0,-3.439373762E0
1.510622638E1,9.538942963E-2,-5.661774716E0,-1.406165902E0
1.512612438E1,2.806695673E-1,-5.375889140E0,-1.263812513E0
1.514602338E1,-4.581907421E-1,-4.803228042E0,-3.371212184E-1
1.516592138E1,-5.719274189E-1,-4.774640420E0,3.759938005E-1
1.518581938E1,1.158862594E-1,-4.646860047E0,1.558651346E0
1.520571838E1,7.205219793E-1,-3.117721937E0,4.051029941E0
1.522561638E1,2.119639063E0,-5.750584567E-1,5.842871756E0
1.524551438E1,2.212332926E0,3.162934363E0,4.139607657E0
1.526541338E1,1.367994986E0,6.635560656E0,2.197384812E0
1.528531138E1,4.378029630E-1,6.768757889E0,2.901722283E0
1.530520938E1,-1.466361964E0,2.250172890E0,3.438760097E0
1.532510838E1,-3.271490260E0,-1.159960116E0,6.534425460E0
1.534500638E1,-3.820712795E0,6.072186105E0,5.853549356E0
1.536490438E1,-6.246318526E0,8.341451908E0,-6.159868612E0
1.538480338E1,-4.361417982E0,-1.002142596E0,-1.166057476E1
1.540470138E1,-2.167749661E0,-8.750121996E0,2.988979697E0
1.542459938E1,8.653547336E-1,-8.990568860E0,3.336108718E0
1.544449838E1,5.297399041E-1,-2.921505752E0,-5.266359097E0
1.546439637E1,7.280824292E-1,3.910814295E0,-7.043953001E0
1.548429437E1,1.828954969E0,7.428355390E0,-4.453469236E0
1.550419338E1,3.119183156E0,2.273267637E0,-2.914749295E0
1.552409138E1,2.023105333E0,-2.203703313E0,-1.930065315E0
1.554398938E1,5.236459360E-2,-3.792528630E0,-1.047217758E0
1.556388838E1,-1.136285909E0,-3.376548353E0,1.505739892E-1
1.558378638E1,-1.099483096E0,-2.083580453E0,-1.140638577E0
1.560368438E1,5.559615965E-1,-1.980574733E-1,-3.095107831E0
1.562358338E1,1.935520767E0,8.952578330E-1,-8.649751031E-1
1.564348138E1,2.289724334E0,3.727553201E-1,2.322557327E0
1.566337938E1,1.807792726E0,-5.132370150E-1,1.900014135E0
1.568327838E1,1.429071785E0,-1.878984039E0,6.862011623E-1
1.570317638E1,8.708169101E-1,-2.283478045E0,4.598763482E-1
1.572307438E1,8.217355281E-1,-9.084117293E-1,1.028837328E0
1.574297338E1,6.990721996E-1,3.543278199E-1,2.687837566E0
1.576287138E1,-1.405910379E-1,4.894037640E-1,1.894050852E0
1.578276938E1,-8.838958159E-2,2.761569786E-1,8.828472640E-1
1.580266838E1,3.807736069E-2,1.077223184E0,2.321315378E0
1.582256638E1,1.458286228E0,2.115455965E0,3.751374757E0
1.584246438E1,4.100537439E0,1.637671788E0,1.254670976E0
1.586236338E1,3.580660034E0,3.579436796E0,3.683890580E-1
1.588226138E1,1.082838850E0,5.622931663E0,3.971617151E0
1.590216038E1,4.446161386E-1,5.486408533E0,4.399498851E0
1.592205838E1,2.991929033E0,5.462018627E0,6.299439311E-1
1.594195638E1,3.772350182E0,3.743086914E0,-1.909472591E0
1.596185538E1,1.359303100E0,1.524414144E0,-4.745852823E0
1.598175338E1,-6.255560343E-1,-1.493478280E-1,-5.257947292E0
1.600165146E1,-3.722424608E0,1.943523266E0,-4.001697568E0
1.602155046E1,-7.473512852E0,6.062501362E0,2.324138414E0
1.604144846E1,-6.496701563E0,6.057510763E0,5.982168220E0
1.606134646E1,-2.668473927E0,3.026379658E0,2.262269171E0
1.608124546E1,5.850579263E-1,1.295321404E0,-7.366390691E0
1.610114346E1,1.316799689E0,1.019485438E-1,-8.332439010E0
1.612104146E1,2.407422791E0,-1.884544156E0,-7.001191728E0
1.614094046E1,5.660660237E-1,-2.864136965E0,-4.293032164E0
1.616083846E1,-1.380998316E0,-2.660279639E0,-2.757826399E0
1.618073646E1,-1.789361279E0,-3.288852983E0,-3.835906200E0
1.620063546E1,-1.095452464E0,-4.545903776E0,-4.394180809E0
1.622053346E1,-7.874342993E-1,-5.483736355E0,-2.809614018E0
1.624043146E1,-3.459585540E-1,-5.983517173E0,-1.194488217E0
1.626033046E1,-3.399689586E-1,-5.392104639E0,-6.443339288E-1
1.628022846E1,-2.960679173E-1,-4.867449181E0,1.640728712E-2
1.630012646E1,5.870249297E-1,-4.452286929E0,4.320893562E-1
1.632002546E1,6.717450911E-1,-3.359211359E0,2.029094929E0
1.633992346E1,7.359741238E-1,-1.690289712E0,5.558135743E0
1.635982146E1,1.981276399E0,6.838657844E-1,5.708958238E0
1.637972046E1,1.694735058E0,5.800876468E0,4.183679291E0
1.639961846E1,-2.630959068E-1,9.285791854E0,2.474775260E0
1.641951646E1,-1.449068824E0,5.228503638E0,2.537095470E0
1.643941546E1,-1.062520653E0,-1.124535345E0,5.612524204E0
1.645931346E1,-2.642371371E0,1.544175979E0,5.824521439E0
1.647921146E1,-4.113310682E0,8.220104642E0,-2.001418887E0
1.649911046E1,-5.861390473E0,3.142569095E0,-1.141174649E1
1.651900846E1,-3.049955631E0,-6.628184978E0,-2.153006784E0
1.653890646E1,2.395668572E-1,-1.052274869E1,4.373840100E0
1.655880546E1,4.113482590E-1,-4.774666733E0,-1.045430996E0
1.657870346E1,6.770074390E-1,2.100622748E0,-7.757857686E0
1.659860146E1,4.888273747E-1,7.297008215E0,-7.116447365E0
1.661850046E1,1.213202669E0,5.801467622E0,-4.644807090E0
1.663839846E1,2.384850346E0,-8.703393388E-1,-1.956686518E0
1.665829746E1,4.883217368E-1,-3.730935230E0,1.646856594E-1
1.667819546E1,-1.137290023E0,-3.697048277E0,8.595548073E-1
1.669809346E1,-8.414700271E-1,-2.517749079E0,2.608354463E-1
1.671799246E1,5.081379506E-1,-1.210482398E0,-2.451541057E0
1.673789046E1,1.915776620E0,7.480109096E-2,-3.018464867E0
1.675778846E1,2.229406357E0,8.894433618E-2,8.078197396E-1
1.677768746E1,1.609525484E0,-5.108478427E-1,2.189451309E0
1.679758546E1,1.347878079E0,-8.977674580E-1,1.208956348E0
1.681748346E1,8.717417935E-1,-1.248782830E0,-1.945321870E-1
1.683738246E1,6.444738235E-1,-1.149595926E0,4.746794517E-1
1.685728046E1,4.249272479E-1,-1.034009922E-1,2.271019822E0
1.687717846E1,-3.058478241E-1,6.418359983E-1,3.296671295E0
1.689707746E1,-8.261706412E-2,-3.281667924E-1,2.007256455E0
1.691697546E1,7.579514685E-1,-4.423254919E-1,5.844537628E-1
1.693687346E1,1.040639641E0,1.819572235E0,1.701233507E0
1.695677246E1,1.617919893E0,2.794521185E0,3.183170114E0
1.697667046E1,2.263173297E0,2.011873709E0,1.266056675E0
1.699656908E1,9.594892046E-1,2.983268722E0,1.727498176E0
1.701646808E1,4.606725928E-1,3.928966976E0,4.046486363E0
1.703636608E1,8.824553543E-1,5.869299417E0,2.550906301E0
1.705626408E1,3.476084044E0,6.101903994E0,1.217308438E0
1.707616308E1,4.044788916E0,3.335010903E0,-1.143942254E0
1.709606108E1,2.023145679E0,1.386031600E0,-4.103234468E0
1.711595908E1,3.075360614E-1,-2.980243957E-1,-5.412513760E0
1.713585808E1,-3.289359644E0,1.697154343E0,-4.929676419E0
1.715575608E1,-7.697962317E0,5.494753679E0,1.285765300E0
1.717565408E1,-7.097984197E0,6.093211523E0,6.700697469E0
1.719555308E1,-2.996928402E0,3.179037595E0,3.663496953E0
1.721545108E1,6.224666579E-1,1.216662905E0,-6.886786276E0
1.723534908E1,1.658335409E0,-3.966458738E-2,-8.671748257E0
1.725524808E1,2.730181348E0,-1.926042430E0,-6.910487380E0
1.727514608E1,8.738465718E-1,-2.560241965E0,-4.598661156E0
1.729504408E1,-1.545665265E0,-2.877910666E0,-3.611699101E0
1.731494308E1,-2.058562557E0,-3.611765467E0,-4.061113465E0
1.733484108E1,-1.179858483E0,-4.238053719E0,-3.578813483E0
1.735473908E1,-4.882885538E-1,-5.110557112E0,-2.296156271E0
1.737463808E1,-2.447457361E-1,-5.784620039E0,-8.792920107E-1
1.739453608E1,-1.173742296E-1,-5.380569836E0,-8.680790976E-1
1.741443408E1,-2.163094108E-1,-4.961530296E0,4.534252614E-2
1.743433308E1,5.008327317E-1,-4.784295343E0,9.031860727E-1
1.745423108E1,7.791746686E-1,-3.561726165E0,2.443035112E0
1.747412908E1,9.416237681E-1,-1.317159001E0,5.684846660E0
1.749402808E1,1.433797212E0,1.168508745E0,5.360500438E0
1.751392608E1,9.317615618E-1,5.837197033E0,3.398961023E0
1.753382408E1,-2.892104490E-1,9.020984321E0,2.817999803E0
1.755372308E1,-6.194496408E-1,4.240303727E0,3.021275039E0
1.757362108E1,-6.781425297E-1,-1.908015465E0,5.826077383E0
1.759351908E1,-2.133465389E0,1.816634009E0,6.128580161E0
1.761341808E1,-4.887861226E0,1.028565930E1,-1.752127818E0
1.763331608E1,-5.070209570E0,3.052910230E0,-1.384984597E1
1.765321408E1,-3.245635627E0,-7.705557851E0,-9.152781147E-1
1.767311308E1,3.798351288E-3,-1.124977628E1,5.230364222E0
1.769301108E1,3.720448834E-1,-4.392027279E0,-1.827074797E0
1.771290908E1,1.148493872E0,2.702337492E0,-7.793710474E0
1.773280808E1,1.090173159E0,7.929571699E0,-7.217978418E0
1.775270608E1,3.065002564E0,5.715448648E0,-4.432486503E0
1.777260408E1,2.572238113E0,-1.791949403E0,-1.625640411E0
1.779250308E1,4.681631684E-2,-4.716718487E0,-5.543651605E-1
1.781240108E1,-2.278374596E0,-4.333500744E0,2.387581873E-1
1.783229908E1,-1.305593354E0,-2.674787166E0,-1.993210931E-1
1.785219808E1,3.466116880E-1,-5.161313868E-1,-2.856820929E0
1.787209608E1,1.261546717E0,1.341223801E0,-1.787142992E0
1.789199508E1,1.494861001E0,6.333253759E-1,1.563015708E0
1.791189308E1,1.460228235E0,-7.104776323E-1,1.713328911E0
1.793179108E1,1.360182521E0,-1.511127516E0,5.943975377E-1
1.795168908E1,1.052953000E0,-1.302209424E0,1.208292762E-1
1.797158808E1,1.591770268E0,-8.910443294E-1,6.043870671E-1
1.799148571E1,1.862327953E0,-4.631193602E-1,2.010801330E0
1.801138371E1,2.187440452E-1,-5.779154062E-2,2.268182022E0
1.803128271E1,-7.409372404E-1,3.289947581E-1,1.659472547E0
1.805118071E1,-6.094449086E-1,1.052918648E0,2.460591962E0
1.807107871E1,4.121953744E-1,1.736751688E0,3.430619603E0
1.809097771E1,2.743719406E0,1.217470406E0,3.001616700E0
1.811087571E1,3.841808379E0,1.929748980E0,6.740225816E-1
1.813077371E1,2.458782833E0,4.583163403E0,1.478470817E0
1.815067271E1,1.675149224E0,5.986962937E0,3.823620615E0
1.817057071E1,1.766389177E0,6.940044470E0,3.033607986E0
1.819046871E1,4.589103297E0,4.749600304E0,5.931533964E-1
1.821036771E1,2.183087492E0,2.118043942E0,-2.695981568E0
1.823026571E1,-5.188041490E-1,1.812765491E-1,-6.063342776E0
1.825016371E1,-2.446278124E0,-8.090558410E-2,-6.131874483E0
1.827006271E1,-6.862261884E0,4.552936807E0,-2.521224664E0
1.828996071E1,-7.515528020E0,7.376783533E0,6.055174216E0
1.830985871E1,-4.116326968E0,5.557392561E0,4.976922507E0
1.832975771E1,-1.104964422E-1,1.897155431E0,-3.292539944E0
1.834965571E1,2.454184583E-1,9.295400584E-1,-8.689192255E0
1.836955371E1,2.433961110E0,-4.780788767E-1,-7.104832456E0
1.838945271E1,2.333295738E0,-2.696975010E0,-5.215436280E0
1.840935071E1,-2.383661315E-2,-3.382565723E0,-3.572529773E0
1.842924871E1,-2.693329856E0,-4.558095220E0,-4.469517505E0
1.844914771E1,-9.941838048E-1,-4.377819130E0,-4.911848259E0
1.846904571E1,-1.171987108E0,-5.078672245E0,-4.147949587E0
1.848894371E1,-7.856068982E-1,-5.537654700E0,-2.043237881E0
1.850884271E1,-6.131195913E-1,-5.532077041E0,-6.990776083E-1
1.852874071E1,-7.110051973E-1,-5.006838031E0,4.475157729E-1
1.854863871E1,-1.154491800E-1,-4.196840204E0,7.563548863E-1
1.856853771E1,2.022391096E-1,-3.208854886E0,1.630506610E0
1.858843571E1,3.041736200E-1,-2.342719696E0,4.258298534E0
1.860833371E1,1.486485595E0,-1.326491157E0,5.854156297E0
1.862823271E1,2.568369302E0,2.350119347E0,3.667222214E0
1.864813071E1,1.199891190E0,7.768351099E0,2.767538916E0
1.866802871E1,-1.003995579E0,7.473457303E0,1.683467181E0
1.868792771E1,-1.938067376E0,1.386200584E0,4.225705569E0
1.870782571E1,-2.586218221E0,-2.013298675E0,8.147267046E0
1.872772371E1,-3.621820339E0,4.977579149E0,3.138781269E0
1.874762271E1,-6.547355407E0,1.178185420E1,-7.869689779E0
1.876752071E1,-3.953293439E0,1.637111624E0,-9.533484002E0
1.878741871E1,-1.303888160E-1,-1.112239235E1,2.809895854E0
1.880731771E1,6.346051852E-1,-1.190211973E1,3.223738097E0
1.882721571E1,4.023205966E-2,-3.866674833E0,-4.362137482E0
1.884711371E1,8.914160661E-1,3.862868296E0,-7.328315377E0
1.886701271E1,1.177639319E0,8.409700025E0,-6.399719059E0
1.888691071E1,1.953542178E0,4.095768743E0,-3.788494636E0
1.890680871E1,1.941745859E0,-1.949816040E0,-1.173421430E0
1.892670771E1,-1.931504899E-1,-4.003636504E0,2.812931728E-1
1.894660571E1,-9.921482429E-1,-4.154551386E0,9.595403677E-1
1.896650371E1,-7.994265001E-1,-2.521601810E0,-2.728930994E-1
1.898640250E1,4.340402797E-1,-6.845861614E-1,-2.561738852E0
1.900630050E1,1.645135612E0,6.940223980E-1,-2.106121470E0
1.902619850E1,1.779532402E0,9.339190382E-1,1.124762217E0
1.904609750E1,1.519638577E0,-4.720732015E-1,2.127905856E0
1.906599550E1,1.414212840E0,-1.612660908E0,1.092490264E0
1.908589350E1,1.115062563E0,-1.654513523E0,7.984277956E-2
1.910579250E1,1.005008463E0,-9.749279004E-1,5.457570358E-1
1.912569050E1,1.089982978E0,-7.088930368E-2,2.092910271E0
1.914558850E1,3.646540028E-1,4.062037325E-1,3.293484270E0
1.916548750E1,4.668305880E-1,3.290561539E-1,2.111030792E0
1.918538550E1,1.108739676E0,9.411140370E-1,9.778020993E-1
1.920528350E1,1.022324115E0,2.446922341E0,2.519841213E0
1.922518250E1,2.043580090E0,1.596381090E0,3.057698514E0
1.924508050E1,1.463211046E0,2.978226668E0,1.590005578E0
1.926497850E1,2.838092297E-1,4.526123815E0,3.666269995E0
1.928487750E1,2.709555879E-1,4.965487107E0,4.041429398E0
1.930477550E1,2.006491639E0,6.361822670E0,1.548763997E0
1.932467350E1,4.978296602E0,3.949640391E0,-7.043741624E-1
1.934457150E1,3.655273722E0,1.164703377E0,-3.540497264E0
1.936447050E1,4.804651254E-1,4.375471473E-1,-5.262530340E0
1.938436850E1,-1.172908044E0,6.614311874E-1,-5.341592882E0
1.940426650E1,-5.805197561E0,5.023200295E0,-2.275880173E0
1.942416550E1,-7.747487065E0,6.831061141E0,4.947450201E0
1.944406350E1,-5.272849506E0,5.056023055E0,4.704531720E0
1.946396150E1,-1.308257930E0,1.169157202E0,-3.371343162E0
1.948386050E1,-8.670105189E-2,5.277650070E-1,-8.734830358E0
1.950375850E1,2.096774257E0,-9.300037426E-1,-7.013793647E0
1.952365650E1,2.255787386E0,-2.191912987E0,-4.534395286E0
1.954355550E1,-1.760096696E-1,-2.359055647E0,-3.460193358E0
1.956345350E1,-2.130243866E0,-3.459390535E0,-4.587075775E0
1.958335150E1,-1.316582758E0,-3.885631506E0,-5.018279863E0
1.960325050E1,-1.449696668E0,-5.367801272E0,-3.197611860E0
1.962314850E1,-8.926816960E-1,-6.036554927E0,-1.604594674E0
1.964304650E1,-1.850807476E-1,-5.372663816E0,-1.564238945E0
1.966294550E1,-3.531308949E-1,-4.362737991E0,-3.324358445E-1
1.968284350E1,2.623410313E-1,-3.766450049E0,1.383822522E0
1.970274150E1,6.559902070E-1,-2.819076567E0,2.298528486E0
1.972264050E1,3.371969399E-1,-2.277858871E0,3.457577314E0
1.974253850E1,-3.377230431E-1,-1.205289486E0,4.849349125E0
1.976243650E1,1.000076775E0,5.707046199E-1,4.934382843E0
1.978233550E1,2.084384884E0,4.097163888E0,4.358375676E0
1.980223350E1,1.069641684E0,5.832135683E0,3.147412344E0
1.982213150E1,-1.269006595E-1,2.995616872E0,2.722304564E0
1.984203050E1,-1.751475415E0,1.210245586E0,6.565666548E0
1.986192850E1,-3.215654613E0,7.120585440E0,5.679135100E0
1.988182650E1,-5.169747891E0,1.169993704E1,-6.468954771E0
1.990172550E1,-3.610510070E0,-1.251007696E0,-1.347175331E1
1.992162350E1,-3.468285320E0,-1.202419790E1,1.628407459E0
1.994152150E1,-6.443675503E-2,-1.065451102E1,6.973706306E0
1.996141950E1,-5.290202580E-1,-2.168279126E0,-4.732213900E0
1.998131850E1,-6.707633436E-2,4.042663745E0,-7.924495731E0
2.000121646E1,1.638911690E-1,8.757352663E0,-6.826404419E0
2.002111446E1,2.498889178E0,3.128900059E0,-4.048234388E0
2.004101346E1,2.067726167E0,-2.672017924E0,-1.222070264E0
2.006091146E1,-3.104589383E-1,-4.807333372E0,-2.944734547E-1
2.008080946E1,-1.432445628E0,-3.719235536E0,5.543300772E-1
2.010070846E1,-1.098861975E0,-1.864654852E0,-1.397952318E-2
2.012060646E1,5.249286689E-1,-5.293080872E-1,-2.440737741E0
2.014050446E1,1.755972070E0,4.100441837E-1,-2.420102917E0
2.016040346E1,1.868874203E0,4.845353723E-2,1.245042951E0
2.018030146E1,1.264453368E0,-2.720124722E-1,2.659107857E0
2.020019946E1,1.210296895E0,-7.357633317E-1,1.832673945E0
2.022009846E1,1.190019921E0,-1.442736143E0,8.348161881E-1
2.023999646E1,1.242553499E0,-1.564219065E0,3.219292751E-1
2.025989446E1,1.016442108E0,-3.285573864E-1,8.088054340E-1
2.027979346E1,4.731172219E-1,9.385085177E-1,3.152005917E0
2.029969146E1,1.322276191E-1,-1.100095153E-2,2.616505336E0
2.031958946E1,5.283140606E-1,1.953923124E-1,1.083446960E0
2.033948846E1,-3.882290992E-1,2.482960485E0,3.660376002E0
2.035938646E1,1.662828264E0,1.388553504E0,3.977359994E0
2.037928446E1,3.151343427E0,2.681264126E0,5.949077073E-1
2.039918246E1,2.111123909E0,4.945394320E0,2.155489950E0
2.041908146E1,1.426846188E0,5.575104362E0,3.307232535E0
2.043897946E1,1.822588229E0,7.730188662E0,1.644313055E0
2.045887746E1,4.389535196E0,5.120203264E0,7.130493839E-1
2.047877646E1,2.053225218E0,2.365959454E0,-2.412538959E0
2.049867446E1,-6.505503961E-1,2.714686811E-1,-4.996760355E0
2.051857246E1,-2.063676824E0,-7.990220189E-1,-5.499091144E0
2.053847146E1,-6.535116016E0,2.951201422E0,-3.283219775E0
2.055836946E1,-7.427069002E0,5.909173919E0,4.936777278E0
2.057826746E1,-4.320831581E0,4.864613281E0,5.455797774E0
2.059816646E1,-6.070460884E-1,1.712196890E0,-3.641485110E0
2.061806446E1,2.523688973E-1,1.077475784E0,-8.904989011E0
2.063796246E1,1.965935059E0,-1.170570474E0,-7.547346228E0
2.065786146E1,1.505258958E0,-2.409310711E0,-5.402767621E0
2.067775946E1,-1.342720250E0,-2.977790465E0,-3.539347116E0
2.069765746E1,-1.294919701E0,-2.874355559E0,-2.855480747E0
2.071755546E1,-1.058692188E0,-3.738197472E0,-3.914709710E0
2.073745446E1,-6.859590876E-1,-5.081412250E0,-3.722224048E0
2.075735246E1,-1.855906248E-1,-6.001260549E0,-2.192402984E0
2.077725046E1,2.232613117E-3,-5.859484865E0,-1.264137911E0
2.079714946E1,-5.742502253E-1,-5.111628322E0,-2.972692278E-1
2.081704746E1,-3.900510916E-1,-4.890380207E0,4.008880287E-1
2.083694546E1,-7.460754812E-3,-4.253485106E0,1.667888444E0
2.085684446E1,6.716737550E-1,-2.521480188E0,5.279860318E0
2.087674246E1,2.268841880E0,-4.080982304E-1,7.542217051E0
2.089664046E1,1.843093098E0,4.394172038E0,5.170881082E0
2.091653946E1,-5.196676366E-1,9.510199805E0,1.073711639E0
2.093643746E1,-1.267514093E0,7.156938164E0,1.689920168E0
2.095633546E1,-4.118484883E-1,1.161268723E-1,4.647034002E0
2.097623446E1,-2.016749702E0,1.293474854E0,7.132836526E0
2.099613350E1,-5.007858371E0,8.363086022E0,5.486459988E-1
2.101603150E1,-5.296260588E0,2.353707783E0,-1.169371093E1
2.103592950E1,-4.116105943E0,-6.877723677E0,-3.459443453E0
2.105582850E1,-3.246723501E-1,-9.514334371E0,4.127879020E0
2.107572650E1,5.849335268E-1,-4.188424307E0,-1.601911386E0
2.109562450E1,8.089979535E-1,2.606277094E0,-7.551251584E0
2.111552350E1,6.639131843E-1,7.365681424E0,-8.247178420E0
2.113542150E1,2.528136658E0,5.850240417E0,-5.512447354E0
2.115531950E1,2.929636306E0,-3.635021013E-1,-2.063220595E0
2.117521850E1,7.752940178E-2,-4.090099282E0,-7.217919946E-2
2.119511650E1,-2.051345484E0,-4.329281393E0,7.379010006E-1
2.121501450E1,-1.942122858E0,-3.227964756E0,4.837062371E-1
2.123491350E1,3.551935002E-2,-1.626832804E0,-2.201069142E0
2.125481150E1,1.397130053E0,3.001609683E-1,-2.273788040E0
2.127470950E1,1.826144944E0,1.054630712E0,4.676404639E-1
2.129460750E1,1.835161935E0,8.656101108E-2,2.042777413E0
2.131450650E1,1.852432125E0,-1.410884020E0,1.819279289E0
2.133440450E1,1.613348102E0,-2.083656467E0,4.700575201E-1
2.135430250E1,1.215282816E0,-1.844722863E0,-4.598213844E-1
2.137420150E1,1.006278478E0,-5.072518051E-1,1.492937120E0
2.139409950E1,-5.608886066E-1,1.306813522E0,3.687027318E0
2.141399750E1,-6.032929069E-1,9.623411840E-1,2.466298844E0
2.143389650E1,3.991613460E-1,6.938271010E-1,1.565428269E0
2.145379450E1,5.318082105E-1,1.435306086E0,3.006592680E0
2.147369250E1,1.937226985E0,1.390558514E0,3.244830173E0
2.149359050E1,2.403252119E0,2.557407820E0,1.339478992E0
2.151348950E1,1.914318763E0,4.345447190E0,1.705124098E0
2.153338750E1,2.108452755E0,5.918589690E0,2.843507404E0
2.155328550E1,3.133474629E0,8.521067848E0,2.229391301E0
2.157318450E1,4.866406915E0,5.119133808E0,7.691521025E-1
2.159308250E1,1.945142360E0,1.636708167E0,-1.453180439E0
2.161298050E1,-1.032667839E0,-2.471331543E-1,-3.809680853E0
2.163287950E1,-1.932817014E0,-3.377094483E-1,-5.674260861E0
2.165277750E1,-5.748560845E0,3.175823965E0,-5.183639706E0
2.167267550E1,-6.623097315E0,5.727109165E0,1.670150732E0
2.169257450E1,-4.644191378E0,4.714055665E0,4.810534723E0
2.171247250E1,-1.932379350E0,1.837899747E0,3.132078606E-1
2.173237050E1,-5.511222947E-1,1.360724266E0,-8.059077001E0
2.175226950E1,1.750017997E0,-7.091848129E-1,-7.412701224E0
2.177216750E1,2.121346742E0,-1.755741105E0,-5.234523931E0
2.179206550E1,1.403708902E-1,-2.509138470E0,-3.975850536E0
2.181196350E1,-1.204565601E0,-2.743666781E0,-3.798580499E0
2.183186250E1,-1.507030811E0,-3.574622784E0,-3.852502937E0
2.185176050E1,-4.896946630E-1,-5.021425080E0,-3.984814317E0
2.187165850E1,-4.170894939E-1,-5.695500287E0,-2.997966868E0
2.189155750E1,-3.546504401E-1,-5.491112618E0,-1.192383219E0
2.191145550E1,-7.610684730E-1,-5.026692837E0,-6.420388967E-2
2.193135350E1,-2.509841305E-1,-5.013783939E0,9.408900887E-1
2.195125250E1,4.164635494E-1,-4.188785664E0,1.873560162E0
2.197115050E1,8.280891126E-1,-2.670936774E0,4.383652897E0
2.199104733E1,9.918329318E-1,-9.908995700E-1,6.050678292E0
2.201094633E1,1.900033869E0,1.876689591E0,5.094420551E0
2.203084433E1,1.045848048E0,6.111863557E0,2.151320154E0
2.205074233E1,-5.534300445E-1,7.054387942E0,8.628569493E-1
2.207064133E1,-9.583498746E-1,2.207399923E0,2.849084478E0
2.209053933E1,-2.199781585E0,1.452316221E0,6.774705677E0
2.211043733E1,-3.900712937E0,8.503939015E0,4.431637487E0
2.213033633E1,-6.461977873E0,7.394770737E0,-7.650163084E0
2.215023433E1,-4.014985365E0,-5.334524767E0,-6.254481239E0
2.217013233E1,-1.719901181E0,-1.140711433E1,2.955296227E0
2.219003033E1,7.876702344E-1,-8.332825511E0,2.187859697E0
2.220992933E1,1.715794097E0,-1.183019781E0,-5.652468873E0
2.222982733E1,2.158674490E0,5.289927469E0,-8.290403962E0
2.224972533E1,1.079856916E0,9.469092125E0,-7.367192345E0
2.226962433E1,2.573685883E0,2.267498190E0,-3.371049632E0
2.228952233E1,8.393637139E-1,-3.256009172E0,-1.302495353E0
2.230942033E1,-1.305739242E0,-4.865045975E0,2.086029998E-1
2.232931933E1,-1.741909078E0,-3.642711271E0,9.054928724E-1
2.234921733E1,-6.229582626E-1,-1.687775409E0,-7.250863159E-1
2.236911533E1,8.276363920E-1,4.288710487E-1,-3.129702297E0
2.238901433E1,2.089445065E0,9.906481397E-1,-1.442220418E0
2.240891233E1,2.070911584E0,-9.534060538E-2,1.396511710E0
2.242881033E1,1.225609145E0,-1.098792978E0,2.203863527E0
2.244870933E1,7.951849298E-1,-1.326474785E0,1.351497505E0
2.246860733E1,1.080584164E0,-5.381110704E-1,1.212828301E0
2.248850533E1,2.272659235E0,-3.799427176E-1,2.307796615E0
2.250840433E1,1.708698940E0,-2.290371913E-1,1.961674339E0
2.252830233E1,2.188902256E-1,-1.435128915E-1,9.208826709E-1
2.254820033E1,-9.584991248E-1,4.237611669E-1,2.000788704E0
2.256809933E1,-4.218131670E-1,1.394272081E0,3.105457110E0
2.258799733E1,9.563811171E-1,1.722540615E0,4.097284341E0
2.260789533E1,2.536296740E0,1.049451249E0,2.310103927E0
2.262779433E1,2.297666022E0,2.762387812E0,2.532800397E-1
2.264769233E1,1.484384398E0,5.169742044E0,2.201885998E0
2.266759033E1,1.288133714E0,7.673593462E0,4.108528244E0
2.268748933E1,4.101141164E0,6.729319589E0,1.784376090E0
2.270738733E1,4.012623967E0,3.393374301E0,-1.428113134E0
2.272728533E1,5.652602774E-1,1.401935441E0,-4.653482019E0
2.274718433E1,-9.014193365E-1,-4.086583936E-1,-5.647923832E0
2.276708233E1,-4.329757941E0,2.133949538E0,-5.511483732E0
2.278698033E1,-8.003517342E0,5.869889985E0,3.221172631E-2
2.280687933E1,-6.345190265E0,6.097063084E0,5.943868958E0
2.282677733E1,-3.025694072E0,3.191103909E0,2.722682294E0
2.284667533E1,-8.483155087E-2,1.450137548E0,-7.792128217E0
2.286657433E1,1.039552790E0,-2.615851325E-1,-8.570217789E0
2.288647233E1,2.794188771E0,-2.517776561E0,-7.008816497E0
2.290637033E1,1.252073058E0,-4.203810085E0,-4.820180582E0
2.292626933E1,-7.009758338E-1,-3.790520697E0,-3.460818133E0
2.294616733E1,-1.815239156E0,-3.408877024E0,-3.505367192E0
2.296606533E1,-1.239368228E0,-3.844128554E0,-4.108634079E0
2.298596433E1,-1.102584020E0,-4.778817086E0,-2.945353621E0
2.300586288E1,-5.721395266E-1,-5.703660661E0,-9.612465852E-1
2.302576088E1,-2.704040493E-1,-5.709487996E0,1.050510764E-2
2.304565988E1,2.748571426E-2,-5.379012138E0,1.098822214E0
2.306555788E1,8.261852592E-2,-4.291645204E0,1.571969549E0
2.308545588E1,2.228413354E-1,-3.088029191E0,3.644703710E0
2.310535388E1,6.166732366E-1,-1.332219674E0,5.671624936E0
2.312525288E1,1.432979771E0,1.774042305E0,3.613335444E0
2.314515088E1,1.870522825E0,7.120142806E0,1.878742549E0
2.316504888E1,5.461629787E-1,8.230112736E0,1.540757697E0
2.318494788E1,-5.751378326E-1,2.876883311E0,2.416759187E0
2.320484588E1,-1.844043125E0,-2.907803387E0,6.449305787E0
2.322474388E1,-2.406851664E0,6.710755849E-1,7.866925215E0
2.324464288E1,-3.988056014E0,9.653619726E0,-1.232943892E-2
2.326454088E1,-7.366535702E0,6.798279896E0,-1.292257580E1
2.328443887E1,-3.238262873E0,-5.500226673E0,-3.857944940E0
2.330433788E1,-1.656456260E-1,-1.129928817E1,4.725321203E0
2.332423588E1,4.507378811E-1,-6.787097096E0,1.837779880E-2
2.334413388E1,1.158230217E0,2.050285238E-1,-7.656097423E0
2.336403288E1,1.035601387E0,6.707005445E0,-8.244048990E0
2.338393088E1,2.283889543E0,7.433305643E0,-5.452819787E0
2.340382888E1,2.902214911E0,-3.513942719E-2,-2.083495084E0
2.342372788E1,9.522550294E-1,-4.310891899E0,-3.417218077E-1
2.344362588E1,-1.104392272E0,-4.542664418E0,2.666716254E-1
2.346352388E1,-1.337969095E0,-2.843188730E0,5.519841743E-1
2.348342288E1,1.626461506E-2,-5.840046966E-1,-1.615519027E0
2.350332088E1,1.108557974E0,1.482831085E0,-2.109552616E0
2.352321888E1,1.940927687E0,6.361063117E-1,6.836962152E-1
2.354311788E1,1.213758593E0,-8.591056681E-1,2.394431301E0
2.356301588E1,8.349956976E-1,-1.353002433E0,1.140721753E0
2.358291388E1,8.647159253E-1,-1.395795865E0,5.081449673E-2
2.360281288E1,1.208988288E0,-1.433513330E0,3.970448001E-1
2.362271088E1,1.225553889E0,-5.209635258E-1,1.721806497E0
2.364260888E1,4.704481141E-1,3.765010464E-1,2.952913779E0
2.366250788E1,2.341078967E-3,3.004872429E-1,2.580237981E0
2.368240588E1,2.357635358E-1,5.955038309E-2,1.345721187E0
2.370230388E1,4.587476894E-1,1.552749166E0,1.486911857E0
2.372220288E1,1.842956420E0,2.100877687E0,3.186484901E0
2.374210088E1,2.608819463E0,2.027503316E0,1.367236017E0
2.376199888E1,1.290346593E0,3.966928854E0,1.870086623E0
2.378189788E1,7.935265133E-1,5.013543034E0,4.565794834E0
2.380179588E1,1.479273639E0,7.050599531E0,2.615447575E0
2.382169388E1,5.062908736E0,5.876212580E0,3.318093154E-1
2.384159288E1,3.463446164E0,3.164338279E0,-1.891249158E0
2.386149088E1,-6.237764342E-1,8.364880532E-1,-2.748231118E0
2.388138888E1,-1.785386488E0,-1.006435622E0,-4.787334141E0
2.390128787E1,-5.373112882E0,2.155057402E0,-5.686183333E0
2.392118587E1,-7.589471909E0,5.323629650E0,7.612892054E-2
2.394108388E1,-5.519558737E0,5.537552374E0,5.553843302E0
2.396098288E1,-2.473776848E0,2.779586227E0,2.587863042E0
2.398088088E1,-5.514172867E-2,1.753390524E0,-7.236454450E0
2.400077933E1,9.658244435E-1,-9.527920961E-2,-7.118514941E0
2.402067833E1,2.730780103E0,-1.662773885E0,-7.054836423E0
2.404057633E1,1.193816518E0,-3.094264078E0,-4.731259635E0
2.406047433E1,-6.499895020E-1,-3.256842985E0,-3.999372130E0
2.408037333E1,-1.929904516E0,-3.597187189E0,-3.417178901E0
2.410027133E1,-8.955072168E-1,-4.741742231E0,-4.389122967E0
2.412016933E1,-5.750087553E-1,-5.695642374E0,-3.470997258E0
2.414006833E1,-2.847164252E-1,-6.077415855E0,-1.346931269E0
2.415996633E1,-5.327155522E-1,-5.360746021E0,-2.451550412E-1
2.417986433E1,-2.829435495E-1,-4.491372643E0,9.273596317E-1
2.419976333E1,2.511102842E-1,-3.793827297E0,1.646303740E0
2.421966133E1,9.350463814E-1,-2.468451204E0,3.826488090E0
2.423955933E1,1.221845877E0,-7.954405993E-1,6.024652920E0
2.425945833E1,1.816460200E0,1.335165501E0,4.992102463E0
2.427935633E1,9.514598081E-1,6.272798227E0,3.010409158E0
2.429925433E1,-1.624358847E0,8.623120472E0,1.151697416E0
2.431915333E1,-1.386839100E0,3.153793995E0,2.107458728E0
2.433905133E1,-1.092774146E0,-2.429881800E0,7.149147334E0
2.435894933E1,-1.819167461E0,1.538466173E0,6.736415770E0
2.437884833E1,-3.440805453E0,8.265414131E0,-2.980608823E0
2.439874633E1,-6.369886565E0,3.381757053E0,-1.313980454E1
2.441864433E1,-3.365435720E0,-5.906909877E0,-6.852781793E-1
2.443854333E1,6.552382551E-1,-1.014674583E1,4.141789546E0
2.445844133E1,1.081706683E0,-4.945084417E0,-1.059903439E0
2.447833933E1,1.377851637E0,1.950793694E0,-7.592371543E0
2.449823833E1,9.125167671E-1,7.049646435E0,-7.336978027E0
2.451813633E1,1.478313673E0,6.339837139E0,-4.958465770E0
2.453803433E1,1.519965875E0,-7.796846920E-1,-2.110472968E0
2.455793333E1,-6.543130794E-1,-4.182250232E0,9.197085500E-2
2.457783133E1,-1.734234169E0,-3.939630543E0,9.504590571E-1
2.459772933E1,-1.158574326E0,-2.737415523E0,7.279877043E-1
2.461762833E1,4.757872067E-1,-1.142638324E0,-2.489607600E0
2.463752633E1,1.436964356E0,4.271899742E-1,-3.230517651E0
2.465742433E1,2.028963659E0,1.932960856E-1,-2.590831089E-1
2.467732333E1,1.656200591E0,-5.502200693E-1,1.787760458E0
2.469722133E1,1.329464466E0,-8.944707978E-1,1.467839409E0
2.471711933E1,1.036364449E0,-1.170029606E0,7.244993285E-1
2.473701833E1,8.788407518E-1,-1.474185977E0,1.984204392E-1
2.475691633E1,7.507979849E-1,-5.447084838E-1,9.439198235E-1
2.477681433E1,5.226465006E-1,1.203119000E0,3.753276272E0
2.479671333E1,2.917994499E-2,8.404682529E-1,3.437675438E0
2.481661133E1,5.086963597E-1,-5.854992449E-2,1.181684861E0
2.483650933E1,2.157464701E-1,1.303078905E0,1.851908799E0
2.485640833E1,1.612750370E0,2.072701124E0,4.315548330E0
2.487630633E1,3.495326061E0,2.120198057E0,1.281908476E0
2.489620433E1,2.375833647E0,4.431208302E0,9.714645946E-1
2.491610333E1,1.089808731E0,5.859058603E0,3.483677530E0
2.493600133E1,1.959494936E0,7.592991933E0,3.234518023E0
2.495589933E1,4.949811891E0,4.753180554E0,2.493371160E-1
2.497579833E1,2.381126401E0,2.015597801E0,-2.115450118E0
2.499569508E1,-1.244830843E0,2.474383789E-1,-3.692689762E0
2.501559308E1,-1.952825309E0,-1.580753821E-1,-5.544541551E0
2.503549208E1,-5.429885838E0,3.197196708E0,-4.227180237E0
2.505539008E1,-5.885537134E0,6.446885040E0,3.484197932E0
2.507528808E1,-3.935768749E0,5.771077888E0,4.456381150E0
2.509518708E1,-1.184569585E0,3.104883206E0,-2.440124953E0
2.511508508E1,-6.224814221E-1,1.364791589E0,-7.586023221E0
2.513498308E1,1.021221842E0,-1.170483350E0,-7.080985172E0
2.515488208E1,1.429283015E0,-3.052957592E0,-5.205206577E0
2.517478008E1,-3.194975643E-1,-4.475025582E0,-3.448857069E0
2.519467808E1,-1.644705988E0,-4.102254474E0,-3.417191180E0
2.521457708E1,-1.101166947E0,-3.765806855E0,-4.431739814E0
2.523447508E1,-8.677123310E-1,-4.412892483E0,-4.344891997E0
2.525437308E1,-6.932950044E-1,-4.907699659E0,-3.193269718E0
2.527427208E1,-6.275880879E-1,-4.950042272E0,-1.516328030E0
2.529417008E1,-8.798420875E-1,-4.802056845E0,-4.102903515E-2
2.531406808E1,-5.645071560E-1,-4.651075305E0,9.481055528E-1
2.533396708E1,-3.098416185E-1,-3.796943278E0,2.269702005E0
2.535386508E1,9.987077956E-1,-2.559723317E0,5.278157609E0
2.537376308E1,2.795029308E0,-1.134086772E0,6.380875822E0
2.539366208E1,2.152505677E0,3.581361700E0,4.898316633E0
2.541356008E1,2.098774736E-1,8.680871667E0,1.761948217E0
2.543345808E1,-1.556809181E0,7.416990157E0,1.101013750E0
2.545335708E1,-1.436398492E0,4.380067384E-1,3.072153709E0
2.547325508E1,-6.774589902E-1,-3.203784181E0,6.363459890E0
2.549315308E1,-1.848108986E0,3.165910596E0,6.969547766E0
2.551305208E1,-3.917834754E0,7.537163302E0,-7.030292151E0
2.553295008E1,-5.616666956E0,2.519314964E0,-1.092291108E1
2.555284808E1,-3.792940567E0,-7.812030970E0,2.963205755E0
2.557274708E1,2.470302433E-3,-9.737330804E0,3.194197963E0
2.559264508E1,4.562670082E-1,-3.966066974E0,-3.559318281E0
2.561254308E1,1.208963292E0,2.133190570E0,-7.656887966E0
2.563244208E1,1.113622394E0,7.255608759E0,-6.517108930E0
2.565234008E1,3.038380483E0,5.040825557E0,-4.200225742E0
2.567223808E1,2.085606806E0,-2.220600597E0,-1.767587564E0
2.569213708E1,-5.298447154E-1,-4.067210941E0,-5.744341202E-1
2.571203508E1,-2.235076110E0,-3.326633012E0,8.223418113E-1
2.573193308E1,-5.910833359E-1,-2.314698669E0,-7.231602430E-2
2.575183208E1,6.658505130E-1,-2.804324627E-1,-2.946982656E0
2.577173008E1,1.409422363E0,1.242140393E0,-1.939210360E0
2.579162808E1,1.921101095E0,1.999853003E-1,1.166285561E0
2.581152708E1,1.250956533E0,-8.754065359E-1,1.865003346E0
2.583142508E1,1.141087497E0,-1.522047776E0,7.179701082E-1
2.585132308E1,2.817322987E-1,-1.505832278E0,5.382549119E-1
2.587122208E1,4.222202794E-1,-1.374959897E0,3.418350975E-1
2.589112008E1,1.014488261E0,-1.499500912E-1,2.269570004E0
2.591101808E1,7.450057331E-1,9.003630370E-1,4.062529660E0
2.593091708E1,5.968731026E-1,5.597024989E-1,1.992661805E0
2.595081508E1,6.746070108E-1,6.422172368E-1,3.203806400E-1
2.597071308E1,8.381923704E-1,2.137496459E0,2.666199945E0
2.599061208E1,2.188855186E0,2.122823457E0,4.458712142E0
2.601051046E1,2.520334718E0,2.049480076E0,1.043513401E0
2.603040846E1,1.016708010E0,3.679714206E0,1.072458873E0
2.605030746E1,2.225575992E-1,5.316076802E0,3.327912383E0
2.607020546E1,1.791512616E0,7.516123851E0,3.226797360E0
2.609010346E1,4.546132694E0,4.280968773E0,5.893560684E-1
2.611000246E1,1.725483811E0,1.190936326E0,-2.294827345E0
2.612990046E1,-8.455595697E-1,-7.096917665E-1,-3.883986100E0
2.614979846E1,-2.284785191E0,6.611581224E-1,-5.819428514E0
2.616969746E1,-5.631138815E0,4.234188709E0,-4.303565923E0
2.618959546E1,-6.347566574E0,6.683121323E0,3.925494314E0
2.620949346E1,-3.913014017E0,5.152367043E0,4.976871636E0
2.622939246E1,-1.875138033E0,2.945128503E0,-1.606991447E0
2.624929046E1,-2.624619225E-1,2.147185296E0,-7.708287331E0
2.626918846E1,1.179709160E0,-4.565944523E-1,-6.829805160E0
2.628908746E1,1.141373937E0,-1.645625755E0,-5.490905042E0
2.630898546E1,-8.669551165E-1,-3.445980531E0,-4.531078453E0
2.632888346E1,-1.408563845E0,-4.179138343E0,-3.876810397E0
2.634878146E1,-1.379917459E0,-4.815404284E0,-3.662180453E0
2.636868046E1,-2.712752844E-1,-6.003395952E0,-4.159119816E0
2.638857846E1,-4.732297808E-2,-6.706910720E0,-1.981102737E0
2.640847746E1,1.669029236E-1,-6.107533693E0,-1.062224491E0
2.642837546E1,-4.717258769E-1,-4.808386456E0,-4.061008215E-1
2.644827346E1,-1.177849965E-1,-4.046611785E0,4.865582165E-1
2.646817246E1,-6.679303676E-2,-3.122344746E0,2.112024234E0
2.648807046E1,8.807807118E-2,-1.956815157E0,5.457358396E0
2.650796846E1,1.171088245E0,-9.986114627E-1,7.093126330E0
2.652786746E1,2.391902819E0,2.006350429E0,4.028218491E0
2.654776546E1,9.836611556E-1,7.623426105E0,1.971598965E0
2.656766346E1,-1.399420116E0,7.508468676E0,1.256158216E0
2.658756246E1,-1.493501669E0,1.738502344E0,3.974801545E0
2.660746046E1,-2.155472847E0,7.452603793E-1,8.042634045E0
2.662735846E1,-3.569707029E0,8.741266973E0,2.494143285E0
2.664725746E1,-7.146713138E0,6.121560579E0,-1.219932083E1
2.666715546E1,-3.450939555E0,-6.615077859E0,-3.221828688E0
2.668705346E1,4.384771469E-1,-1.187015651E1,3.031305937E0
2.670695246E1,1.339044836E0,-6.357769965E0,1.184638290E0
2.672685046E1,1.192481306E0,1.807571994E0,-7.330481186E0
2.674674846E1,5.244101670E-1,7.770912180E0,-8.128696289E0
2.676664746E1,7.641214505E-1,7.479150152E0,-5.549438009E0
2.678654546E1,1.677029835E0,-6.326190323E-1,-2.001707886E0
2.680644346E1,3.288629034E-1,-4.368224434E0,3.043300331E-1
2.682634246E1,-8.927093241E-1,-4.240441137E0,2.240167719E-1
2.684624046E1,-1.212249573E0,-2.421396906E0,2.009361307E-1
2.686613846E1,1.748225386E-1,-1.191585367E0,-2.032226112E0
2.688603746E1,1.270656241E0,2.630036670E-1,-3.750739750E0
2.690593546E1,1.801064920E0,2.581721127E-1,-8.372826898E-1
2.692583346E1,1.375087366E0,-7.159225595E-1,2.748843906E0
2.694573246E1,1.298283458E0,-1.250307784E0,2.400714719E0
2.696563046E1,1.316216283E0,-1.521035038E0,2.981613667E-1
2.698552846E1,1.034257405E0,-1.337965148E0,-3.952692930E-1
2.700542783E1,1.673630264E0,-4.554899132E-1,1.082994240E0
2.702532583E1,1.187092805E0,1.055540539E0,3.916019194E0
2.704522383E1,-2.774530140E-1,1.062201687E0,3.345507532E0
2.706512283E1,-1.903678000E-2,-1.312395859E-1,8.679677081E-1
2.708502083E1,1.230894443E-1,9.370227402E-1,1.368944281E0
2.710491883E1,1.309218774E0,2.202288871E0,3.950574484E0
2.712481783E1,3.184054506E0,1.900235159E0,2.397394963E0
2.714471583E1,2.064959995E0,3.277036344E0,9.751822543E-1
2.716461383E1,8.745497726E-1,4.328921204E0,3.721204879E0
2.718451283E1,5.172011349E-1,7.017913595E0,3.941149942E0
2.720441083E1,4.147611618E0,5.938618743E0,1.183294161E0
2.722430883E1,4.101545792E0,3.204571216E0,-1.824459045E0
2.724420783E1,6.714560924E-1,1.303873542E0,-4.019455562E0
2.726410583E1,-1.013734994E0,-5.890771562E-1,-5.078385147E0
2.728400383E1,-5.479417602E0,2.885878083E0,-4.808463054E0
2.730390283E1,-7.048731930E0,5.988369192E0,1.339236333E0
2.732380083E1,-4.979032767E0,5.419435694E0,5.173833341E0
2.734369883E1,-1.784655148E0,2.744188353E0,1.630458516E0
2.736359783E1,4.109209737E-1,1.730851847E0,-7.156489098E0
2.738349583E1,1.025648696E0,-3.436630833E-1,-7.600601499E0
2.740339383E1,1.820534833E0,-1.766687678E0,-6.057333008E0
2.742329283E1,3.827404641E-1,-2.806949442E0,-3.560752896E0
2.744319083E1,-9.875364708E-1,-3.158315647E0,-3.373537330E0
2.746308883E1,-1.255097238E0,-3.700284126E0,-4.275975836E0
2.748298783E1,-7.765558469E-1,-4.765083146E0,-4.831803385E0
2.750288583E1,-8.272873132E-1,-5.339190261E0,-3.433464858E0
2.752278383E1,-8.187740596E-1,-5.233899449E0,-1.666709938E0
2.754268283E1,-7.633278371E-1,-4.774034064E0,-1.063940649E0
2.756258083E1,-6.312447904E-1,-4.495337639E0,1.315410098E-1
2.758247883E1,-6.866224542E-2,-3.933410860E0,1.439035732E0
2.760237783E1,2.359915772E-1,-2.997126038E0,3.449358467E0
2.762227583E1,7.528031413E-1,-1.337544733E0,5.894997929E0
2.764217383E1,1.765998437E0,1.204486079E0,4.779062962E0
2.766207283E1,1.422241067E0,5.949085844E0,3.260472937E0
2.768197083E1,2.617437382E-1,7.523286105E0,3.151724958E0
2.770186883E1,-3.220631763E-1,2.597694551E0,3.506977515E0
2.772176783E1,-1.044578910E0,-1.783603088E0,5.156068915E0
2.774166583E1,-2.835872694E0,3.014791061E0,6.081988378E0
2.776156483E1,-5.493984185E0,9.504073092E0,-2.845756828E0
2.778146283E1,-6.174900634E0,3.909492824E0,-1.240164502E1
2.780136083E1,-2.202779453E0,-6.135703239E0,-9.608589149E-1
2.782125983E1,7.387530130E-1,-1.023610064E1,3.858983406E0
2.784115783E1,1.772384620E-1,-5.199445900E0,-1.752716340E0
2.786105583E1,1.175499238E0,1.774386122E0,-7.319392526E0
2.788095483E1,1.430649071E0,7.108148997E0,-6.615508799E0
2.790085283E1,2.067131943E0,5.441925840E0,-4.534860724E0
2.792075083E1,2.082475768E0,-1.548858429E0,-1.228020391E0
2.794064983E1,4.036872371E-1,-4.229188170E0,-2.725200836E-1
2.796054783E1,-2.130268862E0,-3.830694577E0,1.557055787E-1
2.798044583E1,-1.621244912E0,-2.966757939E0,-1.334802389E-1
2.800034471E1,-1.227473822E-1,-1.470875868E0,-2.432113098E0
2.802024271E1,1.248018453E0,2.620014542E-1,-1.845072527E0
2.804014071E1,1.739571946E0,7.572974575E-1,1.650921578E0
2.806003971E1,1.964258809E0,6.665942788E-2,1.822950171E0
2.807993771E1,2.027867159E0,-8.239481145E-1,5.652270214E-1
2.809983571E1,8.967922886E-1,-9.548742896E-1,-1.461672351E-2
2.811973471E1,1.597349681E-1,-7.633212590E-1,4.998867984E-1
2.813963271E1,5.110539570E-2,2.593006253E-2,2.588190486E0
2.815953071E1,2.208244845E-2,4.391329122E-1,4.212763049E0
2.817942971E1,6.315937230E-1,-1.776664782E-1,1.758105719E0
2.819932771E1,1.368642126E0,-1.093020022E-2,-4.099165682E-1
2.821922571E1,1.069375344E0,1.990447172E0,1.684171185E0
2.823912471E1,2.118599720E0,1.925372339E0,4.403196923E0
2.825902271E1,2.741094883E0,1.746491395E0,2.169913423E0
2.827892071E1,1.066116106E0,3.539583929E0,1.779036412E0
2.829881971E1,5.594110152E-1,4.897625492E0,2.661247938E0
2.831871771E1,1.544756900E0,7.449155105E0,3.142600086E0
2.833861571E1,5.418923478E0,5.182131125E0,8.067568620E-1
2.835851471E1,3.343962405E0,2.343010887E0,-2.683545710E0
2.837841271E1,-6.959820923E-1,5.636704195E-1,-4.104242527E0
2.839831071E1,-2.070552272E0,2.402275926E-1,-5.102104962E0
2.841820971E1,-5.973934171E0,3.746073672E0,-3.516631268E0
2.843810771E1,-6.166018714E0,5.523973385E0,2.646849169E0
2.845800571E1,-3.671329883E0,4.505946243E0,3.979178771E0
2.847790471E1,-1.487702255E0,2.845333489E0,-1.229447111E0
2.849780271E1,-1.758816156E-1,2.057645128E0,-6.900275803E0
2.851770071E1,1.202350968E0,-1.144171464E-1,-6.883921140E0
2.853759971E1,1.582257725E0,-1.744807981E0,-5.264751697E0
2.855749771E1,-2.637018245E-1,-3.095873816E0,-4.036672103E0
2.857739571E1,-1.362680744E0,-3.720786218E0,-3.467545647E0
2.859729471E1,-1.559950305E0,-4.280844812E0,-3.939301929E0
2.861719271E1,-8.092678025E-1,-5.379984530E0,-3.988676988E0
2.863709171E1,-8.847348914E-1,-5.419459083E0,-3.095314237E0
2.865698971E1,-7.983741474E-1,-4.389279088E0,-1.970234517E0
2.867688771E1,-9.119235671E-1,-3.502397976E0,-1.134765049E0
2.869678671E1,-5.248156714E-1,-3.835620271E0,7.741520566E-1
2.871668471E1,7.735458465E-1,-3.895378815E0,1.917953100E0
2.873658271E1,3.036549720E-1,-3.063256293E0,3.148084774E0
2.875648171E1,-2.973911422E-1,-2.046538927E0,4.793200067E0
2.877637971E1,1.118535224E0,4.629123688E-2,4.850157795E0
2.879627771E1,2.029359223E0,4.588879641E0,3.237873448E0
2.881617671E1,1.272925399E0,7.240273851E0,2.722099326E0
2.883607471E1,1.124115515E-1,3.164307289E0,2.230236223E0
2.885597271E1,-8.601613829E-1,-1.374817225E0,4.274674830E0
2.887587171E1,-2.433995755E0,1.270270763E0,8.048067863E0
2.889576971E1,-3.676846439E0,1.021005831E1,1.138057616E0
2.891566771E1,-8.027387431E0,8.286813186E0,-1.081684142E1
2.893556671E1,-3.535253481E0,-6.657072562E0,-6.158409732E0
2.895546471E1,-4.189493470E-1,-1.193833972E1,2.504365388E0
2.897536271E1,2.054211643E-1,-6.240473650E0,1.603436340E0
2.899526221E1,2.913499452E-1,2.379981662E0,-6.672917347E0
2.901516021E1,4.923665482E-1,8.196818690E0,-6.911004859E0
2.903505821E1,2.468015002E0,6.839753028E0,-5.319741837E0
2.905495721E1,2.658200369E0,-5.575764513E-1,-1.667259137E0
2.907485521E1,8.408864019E-1,-4.598121166E0,1.291046213E-1
2.909475321E1,-8.015269661E-1,-5.014306095E0,2.138145500E-1
2.911465221E1,-2.073015558E0,-3.061688070E0,5.755936962E-2
2.913455021E1,-6.273052289E-1,-1.655549065E0,-1.366621767E0
2.915444821E1,9.307612494E-1,2.919415373E-1,-2.796837852E0
2.917434721E1,1.650846003E0,9.888577223E-1,-9.682427788E-1
2.919424521E1,1.816177634E0,-4.202978611E-3,2.782685251E0
2.921414321E1,1.697339992E0,-7.701747805E-1,2.652529739E0
2.923404221E1,1.768240844E0,-1.405270693E0,4.703896420E-1
2.925394021E1,1.371692180E0,-1.336312140E0,5.053397655E-2
2.927383921E1,1.002169347E0,-9.032334352E-1,1.188471286E0
2.929373721E1,1.933136272E-1,3.523345041E-1,2.462427403E0
2.931363521E1,7.860996723E-2,1.388187468E0,3.538791046E0
2.933353421E1,8.448220897E-1,6.326962155E-1,2.622577377E0
2.935343221E1,1.390583218E0,4.051904100E-1,1.056802514E0
2.937333021E1,9.241734838E-1,1.393975627E0,2.138892775E0
2.939322921E1,1.884570322E0,1.479919172E0,2.651215285E0
2.941312721E1,1.639629289E0,3.002179787E0,1.654631198E0
2.943302521E1,1.067187316E0,4.321319239E0,2.648348980E0
2.945292421E1,7.332864511E-1,7.717375073E0,3.069585027E0
2.947282221E1,4.223203253E0,7.237863629E0,2.454540678E0
2.949272021E1,5.037440604E0,3.869446414E0,-4.903475046E-1
2.951261921E1,1.114834083E0,6.999637538E-1,-2.154413624E0
2.953251721E1,-2.404193813E-1,-7.333998871E-1,-4.553617423E0
2.955241521E1,-2.529153781E0,1.376584253E0,-5.843582193E0
2.957231421E1,-5.571939265E0,5.453201026E0,-1.117776548E0
2.959221221E1,-5.872870896E0,6.790691965E0,5.113060890E0
2.961211021E1,-3.271259295E0,3.157785890E0,2.299975234E0
2.963200921E1,-9.203426805E-1,8.377528059E-1,-6.211588404E0
2.965190721E1,-8.416882014E-1,-9.464010894E-2,-7.304070482E0
2.967180521E1,1.123878703E0,-1.621729939E0,-6.231875319E0
2.969170421E1,1.468867934E0,-2.135335329E0,-4.405263036E0
2.971160221E1,-2.908872843E-1,-2.719640572E0,-2.834585137E0
2.973150021E1,-1.000301600E0,-3.236882930E0,-3.515998600E0
2.975139921E1,-1.173378014E0,-4.188530141E0,-4.307505777E0
2.977129721E1,-1.743616319E-1,-5.138728997E0,-4.374452303E0
2.979119521E1,-5.286944219E-1,-5.426910775E0,-2.575792050E0
2.981109421E1,-5.840924048E-1,-5.183922712E0,-1.400036266E0
2.983099221E1,-6.366123882E-1,-4.996665046E0,-1.758462399E-1
2.985089021E1,2.332026015E-1,-5.008301589E0,1.107550060E0
2.987078921E1,-5.013987422E-3,-3.680455048E0,2.518637272E0
2.989068721E1,2.287606180E-1,-1.646941963E0,5.163383782E0
2.991058521E1,1.222794880E0,3.635763609E-1,6.046955370E0
2.993048421E1,1.714510926E0,4.135902861E0,3.861399475E0
2.995038221E1,3.969059287E-1,7.143075585E0,2.872078361E0
2.997028021E1,-8.200760883E-1,5.081562524E0,3.174585525E0
2.999017921E1,-2.040039747E0,1.759365209E0,4.152224779E0
3.001007596E1,-4.185034968E0,7.121632676E0,6.195651233E0
3.002997396E1,-6.075858157E0,1.290556976E1,-2.067152701E0
3.004987296E1,-3.808556433E0,-9.792840761E-1,-1.118074990E1
3.006977096E1,-1.175965261E0,-1.250110382E1,2.793951666E-1
3.008966996E1,3.060805432E-1,-1.308094413E1,4.183187833E0
3.010956796E1,1.151916979E0,-4.769226483E0,-2.063183026E0
3.012946596E1,1.491313933E0,3.777438721E0,-8.079173881E0
3.014936496E1,9.030173805E-1,1.002702409E1,-9.232975125E0
3.016926296E1,2.529045900E0,5.258406883E0,-3.611218168E0
3.018916096E1,1.985911487E0,-2.306061162E0,-7.925655234E-1
3.020905996E1,1.204435793E-1,-4.272019025E0,-1.093008327E-1
3.022895796E1,-1.357868778E0,-3.725393824E0,1.179494494E-1
3.024885596E1,-9.161848716E-1,-2.476018671E0,-8.280830462E-2
3.026875496E1,2.886485316E-1,-1.342445285E0,-2.406951360E0
3.028865296E1,1.265372697E0,5.520941019E-2,-2.308215276E0
3.030855096E1,1.729010266E0,4.125292504E-1,6.551536167E-1
3.032844996E1,1.715400726E0,-2.493170893E-1,2.514224378E0
3.034834796E1,1.441407071E0,-1.257482318E0,1.415869356E0
3.036824596E1,7.481101660E-1,-1.653816535E0,-9.877335951E-2
3.038814496E1,2.752614775E-1,-8.607955134E-1,-6.256052971E-2
3.040804296E1,7.028695276E-1,4.822865331E-1,2.907637911E0
3.042794096E1,3.767504302E-1,1.028139902E0,5.047211301E0
3.044783996E1,2.713043743E-1,5.985560775E-1,2.103208387E0
3.046773796E1,3.967521469E-1,4.107055038E-1,5.861500400E-1
3.048763596E1,1.637595628E0,1.233537970E0,2.776723430E0
3.050753496E1,3.812026756E0,1.587908474E0,3.722496236E0
3.052743296E1,2.645105822E0,3.289589147E0,1.219306139E0
3.054733096E1,1.146750087E-1,5.021073663E0,2.659440563E0
3.056722996E1,-2.284951544E-1,6.963440350E0,3.887777435E0
3.058712796E1,4.886498825E0,5.683022913E0,1.420629136E0
3.060702596E1,5.164338632E0,3.446457079E0,-2.952636913E0
3.062692496E1,4.977401394E-1,1.877114099E0,-5.995602783E0
3.064682296E1,-2.083360013E0,9.929887801E-1,-5.751010244E0
3.066672096E1,-5.986625553E0,4.188215561E0,-3.707049354E0
3.068661996E1,-7.759527066E0,6.618310200E0,3.979341323E0
3.070651796E1,-6.027246160E0,5.541527896E0,5.349908792E0
3.072641596E1,-2.680061354E0,2.825421381E0,4.434442104E-1
3.074631496E1,-4.679338114E-1,1.479697562E0,-8.352017242E0
3.076621296E1,1.064533337E0,-7.901821983E-1,-8.445278578E0
3.078611096E1,2.382924858E0,-2.655815874E0,-6.817717211E0
3.080600996E1,1.470656890E0,-3.950188276E0,-4.090325277E0
3.082590796E1,-1.668976611E0,-4.565418273E0,-3.077776099E0
3.084580696E1,-1.779005130E0,-3.907985412E0,-4.477739859E0
3.086570496E1,-1.060080244E0,-4.498472916E0,-3.785639733E0
3.088560296E1,-9.904484573E-1,-5.010451026E0,-1.843119557E0
3.090550196E1,-9.332280435E-1,-5.057503570E0,-1.289777367E0
3.092539996E1,-1.221550885E0,-4.475421438E0,-1.320693058E0
3.094529796E1,-1.256398682E0,-4.145720921E0,-4.336789218E-1
3.096519696E1,-4.415938590E-1,-4.363744297E0,3.003363848E-1
3.098509496E1,-2.188022250E-1,-3.788094102E0,1.752669563E0
3.100499396E1,7.143090203E-2,-2.568638567E0,5.170851846E0
3.102489296E1,2.507912893E0,-8.299900424E-1,6.155138215E0
3.104479096E1,2.843407124E0,4.630937494E0,4.028435715E0
3.106468896E1,9.015807196E-1,9.580347097E0,2.341184217E0
3.108458796E1,-8.869577104E-1,6.270525999E0,3.867571796E0
3.110448596E1,-2.008417712E0,5.702222246E-1,5.923880251E0
3.112438396E1,-4.149050033E0,4.331556544E0,4.297395941E0
3.114428296E1,-6.623140000E0,1.123933316E1,-2.170803954E0
3.116418096E1,-4.556662068E0,2.971518742E0,-9.969341304E0
3.118407896E1,-1.657122843E-1,-9.868921223E0,-1.273018662E0
3.120397796E1,4.536483327E-1,-1.305890714E1,3.319407023E0
3.122387596E1,2.834327421E-1,-6.619164478E0,-1.689298901E0
3.124377396E1,6.260517320E-1,2.399277474E0,-6.802473519E0
3.126367296E1,8.607022503E-1,7.596387995E0,-7.164401550E0
3.128357096E1,1.563716058E0,5.842057824E0,-5.169681233E0
3.130346896E1,1.827839028E0,-1.836392335E0,-6.403258087E-1
3.132336796E1,-1.246075277E-1,-4.124816540E0,5.992751388E-1
3.134326596E1,-1.475632578E0,-3.594940689E0,7.955294770E-1
3.136316396E1,-1.476201951E0,-2.310557671E0,-2.833800806E-1
3.138306296E1,-9.010442376E-2,-1.040082255E0,-2.499476531E0
3.140296096E1,1.179143369E0,4.121339786E-1,-2.237780886E0
3.142285896E1,1.622272561E0,3.192240608E-1,8.348023009E-1
3.144275796E1,1.425452358E0,-6.738296235E-1,1.726233716E0
3.146265596E1,1.259796938E0,-1.593803637E0,1.235219629E0
3.148255396E1,1.070367324E0,-1.461466529E0,1.816308904E-1
3.150245296E1,1.352625580E0,-1.048163692E0,4.136226797E-1
3.152235096E1,6.927516519E-1,-5.336905754E-1,2.124375015E0
3.154224896E1,-8.013671909E-1,4.270882326E-1,2.970743109E0
3.156214796E1,-1.913132948E-1,7.380279583E-1,2.345509987E0
3.158204596E1,7.073771462E-1,1.390375496E0,1.626999450E0
3.160194496E1,1.548180445E0,1.393218412E0,2.814823887E0
3.162184296E1,2.910034100E0,1.638224934E0,3.038032574E0
3.164174096E1,1.751521316E0,3.489532347E0,2.160952127E0
3.166163996E1,1.124708715E0,4.673889971E0,1.923435449E0
3.168153796E1,1.043215924E0,7.096139401E0,2.273572131E0
3.170143596E1,4.393299049E0,6.667909791E0,8.744674730E-1
3.172133496E1,3.155291467E0,3.598986962E0,-1.681935356E0
3.174123296E1,-1.670601260E0,3.282007062E-1,-1.550179754E0
3.176113096E1,-3.296494416E0,-3.238772750E-1,-4.147649918E0
3.178102996E1,-6.305424521E0,2.062179644E0,-4.906997409E0
3.180092796E1,-7.074289525E0,4.626761997E0,2.343405428E-1
3.182082596E1,-4.929287580E0,5.421673424E0,5.067938511E0
3.184072496E1,-2.335009557E0,3.160032974E0,2.230858367E0
3.186062296E1,-2.408963679E-1,1.927936344E0,-6.800643926E0
3.188052096E1,2.249529111E-1,-2.001607168E-1,-8.035720882E0
3.190041996E1,1.217840242E0,-1.634962188E0,-6.821296876E0
3.192031796E1,6.306654775E-1,-2.559417508E0,-4.434445320E0
3.194021596E1,-6.953885999E-1,-3.312784467E0,-2.736074756E0
3.196011496E1,-1.761404426E0,-3.854816095E0,-3.335528089E0
3.198001296E1,-1.045857550E0,-4.113919669E0,-4.813098727E0
3.199991033E1,-2.360550195E-1,-4.955042810E0,-3.854417900E0
3.201980933E1,3.932338773E-1,-5.488512361E0,-1.618684124E0
3.203970733E1,5.863318884E-1,-5.568947829E0,-7.481863260E-1
3.205960633E1,9.018833131E-2,-5.401114613E0,4.222215950E-2
3.207950433E1,3.279995620E-3,-5.323005753E0,9.094127727E-1
3.209940233E1,-5.960809511E-1,-4.264225856E0,3.060236206E0
3.211930133E1,3.903867218E-1,-1.899926426E0,6.868989106E0
3.213919933E1,2.613401049E0,5.703444314E-1,6.213664166E0
3.215909733E1,1.510598635E0,6.879439834E0,5.003399869E0
3.217899633E1,-2.979903941E0,1.088522811E1,-4.286979711E-1
3.219889433E1,-3.425473176E0,5.318947785E0,7.852664441E-1
3.221879233E1,-1.800981743E0,-3.243342934E0,6.637924100E0
3.223869133E1,-2.025460592E0,-3.027138627E-1,8.933183116E0
3.225858933E1,-3.912773989E0,8.507774203E0,-1.897430835E0
3.227848733E1,-4.844961667E0,4.614877532E0,-1.355197243E1
3.229838633E1,-2.256516242E0,-6.252101423E0,-9.294131738E-1
3.231828433E1,-6.042018566E-1,-9.718812672E0,3.437957566E0
3.233818233E1,-8.003259480E-2,-4.040946418E0,-1.869522659E0
3.235808133E1,8.094277239E-1,2.667475222E0,-7.378917181E0
3.237797933E1,1.504355563E0,6.199712124E0,-5.399893130E0
3.239787833E1,2.484562622E0,4.869286376E0,-5.206180723E0
3.241777633E1,1.903464284E0,-1.688074787E0,-2.069289274E0
3.243767433E1,-5.705800742E-2,-4.068436518E0,-6.330546498E-2
3.245757333E1,-1.094415314E0,-3.493513716E0,8.338386067E-1
3.247747133E1,-1.259229904E0,-2.050191683E0,5.273077913E-1
3.249736933E1,-4.231290829E-1,-1.107335760E0,-1.795120933E0
3.251726833E1,9.155127342E-1,-6.450525516E-1,-2.212689314E0
3.253716633E1,1.269294424E0,-4.431429327E-1,4.392521223E-1
3.255706433E1,1.054691523E0,-3.777722311E-1,1.868425429E0
3.257696333E1,1.250205750E0,-7.737129307E-1,1.564971017E0
3.259686133E1,1.256555242E0,-1.531529036E0,9.719452357E-1
3.261675933E1,1.239314434E0,-1.331761252E0,5.791740194E-1
3.263665833E1,1.130651240E0,-1.717221987E-1,1.771653718E0
3.265655633E1,7.438896458E-1,8.039132148E-1,3.612873807E0
3.267645433E1,7.720290788E-1,4.682795280E-1,2.152507578E0
3.269635333E1,5.010610655E-1,8.460032272E-1,6.112845889E-1
3.271625133E1,7.676575541E-2,2.116299718E0,3.500896411E0
3.273614933E1,1.892513765E0,1.862932847E0,4.212832339E0
3.275604833E1,2.328494882E0,3.457617075E0,1.519357764E0
3.277594633E1,1.437124570E0,4.837779239E0,1.376089579E0
3.279584433E1,1.400671127E0,6.929784946E0,3.134062566E0
3.281574333E1,4.428395499E0,7.131905065E0,1.917105546E0
3.283564133E1,3.997030905E0,3.394392301E0,-7.955440219E-1
3.285554033E1,-4.292350379E-1,5.707233310E-1,-4.338104256E0
3.287543833E1,-1.910436943E0,-8.226851159E-1,-5.854522333E0
3.289533633E1,-6.240916868E0,1.985218592E0,-5.966938562E0
3.291523533E1,-7.357684187E0,6.447708328E0,9.306872090E-1
3.293513333E1,-5.305319095E0,6.428456955E0,7.218298261E0
3.295503133E1,-2.176662864E0,2.795731559E0,2.330759801E0
3.297493033E1,-1.096111737E-2,6.861614013E-1,-7.803691671E0
3.299482833E1,8.776577139E-1,-9.982553673E-1,-8.041796139E0
3.301472725E1,1.900291000E0,-2.081876575E0,-6.059432158E0
3.303462625E1,2.008340967E-1,-3.216083214E0,-4.206073250E0
3.305452425E1,-1.791580152E0,-3.475553409E0,-2.827711151E0
3.307442225E1,-1.474359932E0,-3.354599660E0,-3.810385442E0
3.309432125E1,-1.011938437E0,-4.269246275E0,-4.340308657E0
3.311421925E1,-4.981498830E-1,-5.421480466E0,-3.071310833E0
3.313411725E1,1.731302083E-2,-5.758687638E0,-1.912548226E0
3.315401625E1,-3.565544397E-1,-5.385436474E0,-5.876586217E-1
3.317391425E1,-5.600138631E-1,-4.769953877E0,4.308707964E-1
3.319381325E1,-2.039070278E-1,-3.862259601E0,9.309515762E-1
3.321371125E1,-2.293769145E-1,-2.073851856E0,2.686019082E0
3.323360925E1,5.227862491E-1,-3.235849142E-1,6.767130024E0
3.325350825E1,2.290776101E0,1.006695238E0,5.871382195E0
3.327340625E1,2.191324173E0,5.784595481E0,3.710634282E0
3.329330425E1,5.811123714E-2,7.708161031E0,2.014810181E0
3.331320325E1,-6.918064494E-1,3.087940899E0,3.569984480E0
3.333310125E1,-1.260684838E0,-2.033941101E0,7.529522746E0
3.335299925E1,-3.135017124E0,2.352595643E0,4.687543219E0
3.337289825E1,-6.748722990E0,1.101550642E1,-3.135213298E0
3.339279625E1,-5.176563406E0,2.682244120E0,-1.286174371E1
3.341269425E1,-2.325487074E0,-7.608025124E0,-1.458044153E0
3.343259325E1,4.883821093E-1,-1.003475528E1,4.335097033E0
3.345249125E1,-6.849720776E-2,-3.705934875E0,-2.860880651E0
3.347238925E1,1.257102249E0,3.578430490E0,-6.926954309E0
3.349228825E1,1.617612476E0,7.081401494E0,-6.478286927E0
3.351218625E1,2.605748506E0,5.015110087E0,-4.799808006E0
3.353208425E1,2.261955906E0,-1.459747447E0,-1.209625343E0
3.355198325E1,-5.116409444E-1,-4.638354687E0,7.620201074E-2
3.357188125E1,-1.963147399E0,-4.489878094E0,4.649471998E-1
3.359177925E1,-2.230309606E0,-2.937672719E0,1.015836775E-1
3.361167825E1,-3.492284632E-1,-1.371784274E0,-1.966461893E0
3.363157625E1,1.074338753E0,-1.933826244E-1,-1.755190297E0
3.365147425E1,1.408717481E0,4.554630160E-1,2.360426673E-1
3.367137325E1,1.500525491E0,1.636027551E-1,9.304100510E-1
3.369127125E1,1.503803440E0,-5.915791798E-1,1.506378554E0
3.371117025E1,1.321664719E0,-1.345841348E0,1.150711137E0
3.373106825E1,1.303720930E0,-1.839517672E0,2.650367439E-1
3.375096625E1,1.064973852E0,-1.019984790E0,1.158286643E-1
3.377086525E1,7.387883887E-2,7.251178908E-1,2.698054698E0
3.379076325E1,-2.443754612E-1,9.433149290E-1,2.945544533E0
3.381066125E1,7.373442726E-1,9.531271416E-1,1.523797409E0
3.383056025E1,7.724845769E-1,2.349213613E0,2.370384919E0
3.385045825E1,1.330366399E0,1.892077124E0,4.416884670E0
3.387035625E1,2.255850244E0,1.835090745E0,1.901897815E0
3.389025525E1,1.352591373E0,3.803100396E0,1.838927980E0
3.391015325E1,1.221967792E0,5.300830772E0,3.485512387E0
3.393005125E1,2.133580433E0,8.273529482E0,3.193459167E0
3.394995025E1,5.263087580E0,4.447057765E0,8.265682518E-1
3.396984825E1,3.142572311E0,1.800520252E0,-2.418790802E0
3.398974625E1,3.254188934E-1,4.954018378E-1,-5.332707453E0
3.400964458E1,-1.503419424E0,4.477990705E-1,-5.710008983E0
3.402954258E1,-6.248605957E0,3.648557317E0,-5.038431707E0
3.404944058E1,-7.402905968E0,6.518373683E0,2.197523537E0
3.406933958E1,-5.301934726E0,5.138812612E0,5.615627906E0
3.408923758E1,-8.297947454E-1,2.341540897E0,-2.004175265E0
3.410913658E1,6.381309101E-1,5.775715899E-1,-7.514191346E0
3.412903458E1,2.645367485E0,-1.325080224E0,-7.226874372E0
3.414893258E1,2.260726968E0,-3.050950828E0,-3.793294323E0
3.416883158E1,1.303261046E-1,-3.100556266E0,-2.980089883E0
3.418872958E1,-1.286501757E0,-3.073034592E0,-3.861514958E0
3.420862758E1,-1.277580221E0,-3.822478069E0,-4.531984479E0
3.422852658E1,-8.744294661E-1,-4.811218847E0,-4.233005233E0
3.424842458E1,-5.327770941E-1,-5.621766313E0,-2.765453214E0
3.426832258E1,-6.850783508E-1,-5.613974313E0,-8.895541665E-1
3.428822158E1,-5.688012050E-1,-5.054585225E0,-5.818038046E-2
3.430811958E1,-2.091958344E-2,-4.599753124E0,7.418496984E-1
3.432801758E1,6.137769645E-1,-3.829559047E0,2.015417122E0
3.434791658E1,1.589806773E-1,-1.970459635E0,4.048958565E0
3.436781458E1,-9.202331914E-1,3.149456531E-1,5.233619367E0
3.438771258E1,-4.969186056E-1,2.583158373E0,3.416915191E0
3.440761158E1,1.103296650E0,5.117450395E0,1.963151492E0
3.442750958E1,1.688015584E0,5.616311445E0,5.241571580E0
3.444740758E1,9.554196887E-1,2.183164383E0,5.741529568E0
3.446730658E1,-3.215822428E-1,5.047316551E-1,7.350276350E0
3.448720458E1,-2.263106200E0,7.985255903E0,3.165552454E0
3.450710358E1,-7.481180890E0,1.093372726E1,-1.258765665E1
3.452700158E1,-4.142366958E0,-2.171881011E0,-8.594663243E0
3.454689958E1,-2.124454684E0,-1.254046494E1,4.731439144E0
3.456679858E1,-1.527416982E-1,-1.066084940E1,5.866408553E0
3.458669658E1,-2.663640618E-2,-2.235702785E0,-6.615921612E0
3.460659458E1,9.195956987E-1,5.358199559E0,-8.253308056E0
3.462649358E1,1.370097060E0,9.959218605E0,-8.334938110E0
3.464639158E1,3.312824228E0,2.499947816E0,-2.741805612E0
3.466628958E1,1.361874705E0,-3.539560540E0,-1.289470388E-1
3.468618858E1,-1.215727058E0,-4.573783300E0,5.932058752E-1
3.470608658E1,-2.634559491E0,-3.339373510E0,8.982008097E-1
3.472598458E1,-9.561109757E-1,-2.311321902E0,-1.126777167E0
3.474588358E1,8.805626106E-1,-7.623506212E-1,-3.172175303E0
3.476578158E1,1.945387359E0,6.913385260E-1,-1.820764482E0
3.478567958E1,2.068177279E0,5.427420652E-1,7.739047924E-1
3.480557858E1,1.427821504E0,-9.091449702E-1,1.521220980E0
3.482547658E1,6.158087258E-1,-2.022052542E0,1.463084307E0
3.484537458E1,6.185224186E-1,-1.245580310E0,6.569757552E-1
3.486527358E1,1.745231612E0,2.704921961E-2,1.832399272E0
3.488517158E1,7.173619978E-1,5.032137179E-1,2.478061396E0
3.490506958E1,-5.223569173E-1,2.313053262E-1,1.326330943E0
3.492496858E1,-3.213106397E-1,7.559011424E-1,2.401408199E0
3.494486658E1,4.348483649E-1,2.113079072E0,4.058013856E0
3.496476558E1,2.208364421E0,2.222828386E0,3.526089724E0
3.498466358E1,2.551335779E0,1.733465552E0,1.355059483E0
3.500456146E1,1.163659649E0,2.400148709E0,1.153259207E0
3.502446046E1,4.907451153E-1,3.351864917E0,3.637727397E0
3.504435846E1,8.266065511E-1,5.731745422E0,3.840659109E0
3.506425646E1,4.284521542E0,4.672104816E0,1.624394077E0
3.508415546E1,4.013741078E0,2.654366350E0,-2.743507737E0
3.510405346E1,1.405016486E0,3.235298919E0,-7.771316807E0
3.512395146E1,-8.556967413E-1,2.305773479E0,-6.277378936E0
3.514385046E1,-6.649446623E0,6.213409227E0,-3.102195826E0
3.516374846E1,-8.540982295E0,6.878058722E0,5.232775029E0
3.518364646E1,-5.263077639E0,3.787493008E0,5.447953734E0
3.520354546E1,-1.430015233E0,4.052155530E-1,-1.465521573E0
3.522344346E1,2.842993726E-1,-4.176806474E-1,-9.219673294E0
3.524334146E1,2.398979558E0,-9.044935101E-1,-7.394617540E0
3.526324046E1,2.468833612E0,-1.989741413E0,-4.954346992E0
3.528313846E1,-1.160415030E-1,-2.769184030E0,-3.299535846E0
3.530303646E1,-2.040514248E0,-3.496300499E0,-3.564736311E0
3.532293546E1,-1.491707159E0,-3.838311744E0,-4.937354983E0
3.534283346E1,-8.125501370E-1,-4.602284968E0,-4.168668319E0
3.536273146E1,-8.504702076E-1,-5.447716337E0,-1.588831165E0
3.538263046E1,-6.760106349E-1,-5.539322326E0,-9.711967921E-1
3.540252846E1,-5.453654185E-1,-4.653006640E0,-8.382135665E-1
3.542242746E1,-2.992156197E-1,-4.124043539E0,6.959341452E-1
3.544232546E1,3.097561030E-1,-3.704836183E0,2.253848450E0
3.546222346E1,1.297282268E-1,-2.621451788E0,3.713557305E0
3.548212246E1,2.040499923E-1,-1.525548504E0,5.072544948E0
3.550202046E1,1.413056846E0,1.307463148E0,3.946071836E0
3.552191846E1,1.201057564E0,6.725543457E0,2.362019016E0
3.554181746E1,-2.551450092E-1,7.915875181E0,2.315461730E0
3.556171546E1,-9.473128165E-1,2.643557187E0,4.695112732E0
3.558161346E1,-9.020644306E-1,-2.571944582E0,8.614663060E0
3.560151246E1,-1.536041771E0,3.366957166E0,4.381076321E0
3.562141046E1,-5.464812427E0,1.227258177E1,-6.371881635E0
3.564130846E1,-5.175581074E0,3.651969168E0,-1.314936591E1
3.566120746E1,-2.406085533E0,-9.169462084E0,2.063408436E0
3.568110546E1,-2.821641156E-1,-1.217444678E1,5.655270274E0
3.570100346E1,-3.896046567E-1,-4.581325039E0,-3.225934603E0
3.572090246E1,1.012084178E0,3.180246799E0,-7.844781225E0
3.574080046E1,1.621498389E0,8.149900632E0,-6.292796874E0
3.576069846E1,2.575518108E0,4.447210377E0,-4.676548700E0
3.578059746E1,1.897124441E0,-2.337142037E0,-1.405267916E0
3.580049546E1,-3.007753645E-1,-4.666579782E0,-2.626544420E-1
3.582039346E1,-1.729283185E0,-3.407538012E0,6.758176037E-1
3.584029246E1,-1.855797636E0,-1.828853520E0,2.585861321E-1
3.586019046E1,-3.458128121E-1,-1.064921812E0,-2.078706214E0
3.588008946E1,1.199939430E0,-2.578879380E-1,-2.571109600E0
3.589998746E1,1.758678308E0,1.832523233E-1,-1.576151697E-1
3.591988546E1,1.572091610E0,-3.404997396E-1,1.098224117E0
3.593978446E1,1.406276122E0,-1.273278571E0,8.109984322E-1
3.595968246E1,8.127170750E-1,-1.241742783E0,6.383206522E-1
3.597958046E1,9.520822442E-1,-7.443142998E-1,8.846123922E-1
3.599947946E1,1.439832269E0,-1.714701837E-1,2.675178344E0
3.601937821E1,1.559790091E-1,2.127211207E-1,2.562983140E0
3.603927621E1,-8.905673428E-1,7.076709688E-2,1.101720825E0
3.605917521E1,-5.993793654E-1,7.619331300E-1,1.589183167E0
3.607907321E1,8.896000671E-1,2.364456135E0,3.978885241E0
3.609897121E1,3.180854909E0,1.950991915E0,4.788647718E0
3.611887021E1,3.280060524E0,2.132766062E0,1.652827771E0
3.613876821E1,1.759056623E0,3.969232072E0,2.624607530E-1
3.615866621E1,1.160545422E0,5.420534971E0,2.203437849E0
3.617856521E1,1.492383682E0,7.560152800E0,3.477799909E0
3.619846321E1,4.038042398E0,4.681292546E0,7.768609254E-1
3.621836221E1,1.298089769E0,1.985744841E0,-2.813094281E0
3.623826021E1,-8.029845308E-1,-1.813812143E-1,-4.820069193E0
3.625815821E1,-3.270070556E0,8.200474370E-1,-5.151923239E0
3.627805721E1,-6.950923215E0,4.584735720E0,-1.486423030E0
3.629795521E1,-6.025441124E0,5.388326753E0,4.119852254E0
3.631785321E1,-3.614426535E0,3.459190561E0,2.980295413E0
3.633775221E1,-1.583885882E0,2.310239582E0,-4.233220995E0
3.635765021E1,2.329934174E-1,1.115184478E0,-7.741948582E0
3.637754821E1,2.318494096E0,-2.441329479E-2,-6.436574060E0
3.639744721E1,2.089881121E0,-1.114367037E0,-3.845395354E0
3.641734521E1,-5.814774569E-1,-2.435910864E0,-4.200074007E0
3.643724321E1,-2.222815814E0,-3.719365929E0,-4.547156834E0
3.645714221E1,-1.701400153E0,-5.273262320E0,-4.553714486E0
3.647704021E1,-1.021960491E0,-6.109112442E0,-3.192444383E0
3.649693821E1,-2.068970016E-1,-5.786912148E0,-2.186162251E0
3.651683721E1,-3.515930772E-2,-4.546399620E0,-1.659946756E0
3.653673521E1,-4.490717170E-1,-4.142737087E0,-5.944688737E-1
3.655663321E1,-1.037722903E-1,-4.556991851E0,7.900237387E-1
3.657653221E1,3.272984809E-1,-4.376949649E0,2.772330417E0
3.659643021E1,5.036757942E-1,-2.979391433E0,5.009938225E0
3.661632921E1,1.462760079E0,-8.185406095E-1,5.214308352E0
3.663622721E1,1.149722519E0,3.136063483E0,3.484073972E0
3.665612521E1,4.257160373E-1,7.522742899E0,4.077957831E0
3.667602421E1,-1.632306090E0,6.562026072E0,3.913288836E0
3.669592221E1,-2.120725476E0,1.386630939E0,3.618426615E0
3.671582021E1,-3.354097092E0,1.951193644E0,5.503504037E0
3.673571921E1,-3.670199909E0,1.014269955E1,1.185465671E0
3.675561721E1,-4.724008210E0,5.833630232E0,-1.009783387E1
3.677551521E1,-1.675683660E0,-7.139904056E0,-3.531998920E0
3.679541421E1,-8.967020953E-1,-1.194046109E1,2.556411454E0
3.681531221E1,5.254294829E-1,-6.796394754E0,1.129192944E0
3.683521021E1,6.390730427E-1,1.702152543E0,-7.474700421E0
3.685510921E1,1.918591762E0,7.171328747E0,-6.273081232E0
3.687500721E1,2.055164301E0,7.002896776E0,-5.713268806E0
3.689490521E1,2.136952376E0,3.227271277E-1,-2.914010791E0
3.691480421E1,5.617924400E-1,-3.851522359E0,-6.821714075E-1
3.693470221E1,-1.136817714E0,-4.344434452E0,6.205533028E-2
3.695460121E1,-1.896050600E0,-2.761038274E0,7.391593945E-1
3.697449921E1,-7.547439784E-1,-1.666655266E0,-9.164440495E-1
3.699439721E1,1.038769117E0,-3.930387264E-1,-2.998245195E0
3.701429588E1,1.479206104E0,5.463170528E-1,-1.183341962E0
3.703419388E1,1.742841855E0,1.856795025E-1,1.674275358E0
3.705409188E1,1.451537810E0,-7.508403772E-1,2.415594714E0
3.707399088E1,1.115970343E0,-1.366089671E0,1.397233111E0
3.709388888E1,9.839769052E-1,-1.181193110E0,-1.861623363E-1
3.711378688E1,1.849259718E0,-8.159479541E-1,2.853640044E-1
3.713368588E1,1.662306838E0,-3.619952738E-1,2.488072121E0
3.715358388E1,8.539273739E-3,3.150181586E-1,1.553105116E0
3.717348188E1,-4.665604466E-1,8.377820420E-1,1.124863958E0
3.719338088E1,-5.922685665E-1,1.558295835E0,2.774244211E0
3.721327888E1,9.201070377E-1,1.268528293E0,3.943478011E0
3.723317788E1,2.978800572E0,6.547630227E-1,2.471952517E0
3.725307588E1,2.143040936E0,3.007415383E0,4.862736033E-1
3.727297388E1,1.446143462E0,5.224091329E0,2.387701302E0
3.729287288E1,1.415259199E0,7.138400736E0,3.960182629E0
3.731277088E1,4.356106372E0,6.672191123E0,1.637391121E0
3.733266888E1,4.108551341E0,3.472921577E0,-1.566155516E0
3.735256788E1,2.524915427E-1,1.036213737E0,-3.264730879E0
3.737246588E1,-1.452947720E0,-5.314054835E-1,-4.548295287E0
3.739236388E1,-4.226698426E0,1.524455659E0,-5.266287761E0
3.741226288E1,-7.676126475E0,5.220418693E0,-1.005213481E0
3.743216088E1,-5.546305071E0,5.733028886E0,4.481202873E0
3.745205988E1,-2.231765855E0,3.211077998E0,2.678030031E0
3.747195788E1,-4.178893930E-1,1.789426330E0,-6.700513866E0
3.749185588E1,7.030470637E-1,7.516771138E-2,-7.532206618E0
3.751175488E1,1.926131308E0,-1.766857831E0,-7.145868216E0
3.753165288E1,1.269300125E0,-2.337088242E0,-3.434078816E0
3.755155087E1,-7.167718676E-1,-2.249829658E0,-2.207623286E0
3.757144988E1,-1.482447947E0,-2.431772790E0,-3.636210921E0
3.759134788E1,-1.164227633E0,-3.482285893E0,-3.398953422E0
3.761124588E1,-5.879547831E-1,-5.244319772E0,-2.929722260E0
3.763114488E1,-1.586617117E-1,-6.059523960E0,-2.512831279E0
3.765104288E1,-1.539033937E-1,-5.649327164E0,-1.370837610E0
3.767094088E1,-3.766403563E-1,-5.180875143E0,-7.597866172E-1
3.769083988E1,-3.439662614E-1,-4.653632292E0,8.373493481E-1
3.771073788E1,-1.579778798E-1,-3.457303079E0,3.142692472E0
3.773063688E1,-2.367635559E-1,-1.868533895E0,4.936166244E0
3.775053488E1,1.206700127E-1,8.074180359E-1,4.113031185E0
3.777043288E1,6.830818190E-1,4.999046617E0,1.539465170E0
3.779033187E1,1.595281667E0,7.202411376E0,1.039200203E0
3.781022988E1,1.738515792E0,4.511722122E0,4.669080051E0
3.783012788E1,-3.969060749E-1,-1.380913532E0,5.762916929E0
3.785002688E1,-2.422501591E0,-3.314467295E0,7.449295439E0
3.786992488E1,-2.111411738E0,3.729168202E0,4.357670794E0
3.788982288E1,-3.893391346E0,1.190260388E1,-4.104625520E0
3.790972188E1,-5.197147359E0,3.697999619E0,-1.401943394E1
3.792961988E1,-3.374642746E0,-8.202488735E0,-6.144163576E-1
3.794951888E1,-6.058089638E-1,-1.063251847E1,5.219505358E0
3.796941688E1,-1.413838911E0,-3.902959730E0,-3.452095841E0
3.798931488E1,-7.442474954E-2,3.352617454E0,-6.965273452E0
3.800921421E1,9.228380529E-1,8.436123592E0,-6.357099874E0
3.802911221E1,3.547619757E0,4.434598517E0,-4.405349575E0
3.804901021E1,3.392118612E0,-3.776183324E0,-1.505530561E0
3.806890921E1,2.075591987E-1,-5.333900285E0,-8.291012657E-1
3.808880721E1,-2.505694460E0,-3.770709161E0,8.563006125E-2
3.810870521E1,-1.904949769E0,-1.522826625E0,-5.712910956E-1
3.812860421E1,-3.241886392E-2,-9.475412965E-2,-1.739146707E0
3.814850221E1,1.158753397E0,7.707372826E-1,-8.503067780E-1
3.816840121E1,1.485119686E0,5.011724550E-1,1.238977196E0
3.818829921E1,8.027461106E-1,-3.339742470E-1,1.816093726E0
3.820819721E1,3.688366623E-1,-1.107019426E0,9.023611768E-1
3.822809621E1,8.370986487E-1,-7.429945832E-1,5.675472696E-1
3.824799421E1,2.332236076E0,-7.785018003E-1,2.391977956E0
3.826789221E1,2.153193164E0,-8.243118113E-1,2.512435130E0
3.828779121E1,1.277935147E0,-3.309956753E-1,1.012922231E0
3.830768921E1,1.061823665E-1,5.765237689E-1,1.232998564E0
3.832758821E1,1.055738175E-1,1.217832933E0,2.001041157E0
3.834748621E1,8.607047354E-1,1.451940830E0,2.673943120E0
3.836738421E1,1.578777462E0,7.379244626E-1,3.567041284E0
3.838728321E1,1.565271856E0,1.474668957E0,1.635553926E0
3.840718121E1,9.604089716E-1,3.684170954E0,2.403603244E0
3.842707921E1,1.063572421E0,4.833955745E0,3.491669505E0
3.844697821E1,1.202983344E0,7.623847690E0,3.028924366E0
3.846687621E1,4.974736817E0,5.682110748E0,1.045348842E0
3.848677421E1,3.306438191E0,3.691252517E0,-3.651169853E0
3.850667321E1,-3.574794692E-1,1.770566136E0,-5.309494007E0
3.852657121E1,-2.110739162E0,-4.252241403E-1,-5.480504014E0
3.854647021E1,-7.385536230E0,3.139620345E0,-4.155855900E0
3.856636821E1,-7.927637440E0,5.447901109E0,3.739316044E0
3.858626621E1,-4.269199790E0,4.327998514E0,6.175432731E0
3.860616521E1,-1.207607249E0,8.988252193E-1,7.537720250E-1
3.862606321E1,5.087511043E-1,9.566600293E-1,-1.046123481E1
3.864596121E1,2.629971766E0,-1.537140024E0,-8.627889462E0
3.866586021E1,2.883313494E0,-2.628928623E0,-5.240535454E0
3.868575821E1,4.847118851E-1,-3.376018011E0,-2.954278811E0
3.870565721E1,-1.484767683E0,-2.167380994E0,-2.723120835E0
3.872555521E1,-1.866543503E0,-2.294761418E0,-3.521944341E0
3.874545321E1,-2.041069880E0,-3.447504900E0,-3.334925826E0
3.876535221E1,-1.432771464E0,-5.132578896E0,-2.610193851E0
3.878525021E1,-2.729041725E-1,-5.895100840E0,-1.494806183E0
3.880514821E1,2.626655518E-1,-5.338652902E0,-1.111225328E-1
3.882504721E1,4.359051029E-1,-4.548655475E0,1.560490295E0
3.884494521E1,1.853612678E-1,-3.715616695E0,1.712607072E0
3.886484321E1,-2.134520227E-1,-3.369766753E0,2.760168793E0
3.888474221E1,3.909255427E-1,-1.541898488E0,3.787602936E0
3.890464021E1,1.057505788E0,2.477762311E0,2.939931498E0
3.892453921E1,8.829216698E-1,7.594377723E0,2.869001849E0
3.894443721E1,1.228130172E-1,7.322583352E0,3.849176163E0
3.896433521E1,-1.417256901E0,1.579300203E0,5.598492056E0
3.898423421E1,-2.301889320E0,-1.435437064E0,7.128049411E0
3.900413221E1,-3.205905843E0,4.745254068E0,2.579394520E0
3.902403025E1,-5.564757714E0,1.187329880E1,-6.236392293E0
3.904392925E1,-2.962100047E0,6.271828759E-1,-9.814146845E0
3.906382725E1,-8.876264857E-1,-9.884341500E0,2.494980314E0
3.908372525E1,-2.505381341E-1,-1.083262656E1,3.165522633E0
3.910362425E1,5.708798902E-1,-4.226993710E0,-3.638793929E0
3.912352225E1,1.357615447E0,3.108641796E0,-8.043650876E0
3.914342125E1,1.236362029E0,8.485989817E0,-7.066340235E0
3.916331925E1,1.581940806E0,4.410276439E0,-4.324750385E0
3.918321725E1,1.246255810E0,-2.245803266E0,-1.116245309E0
3.920311625E1,-4.653693688E-1,-4.472622961E0,3.157133925E-1
3.922301425E1,-1.426046143E0,-3.562433093E0,7.418524759E-1
3.924291225E1,-4.944111733E-1,-2.027763517E0,2.006877702E-2
3.926281125E1,9.767417067E-1,-6.344544733E-1,-2.492121318E0
3.928270925E1,1.673802464E0,7.430425304E-1,-2.782222152E0
3.930260825E1,1.997132440E0,6.202328753E-1,1.823325928E-1
3.932250625E1,1.212643822E0,1.430521309E-2,1.838024293E0
3.934240425E1,5.236978300E-1,-9.432488555E-1,1.509883229E0
3.936230325E1,3.386482188E-1,-1.133999648E0,8.080968976E-2
3.938220125E1,1.324573562E0,-8.289468992E-1,6.272568431E-1
3.940209925E1,1.731199025E0,-4.479329717E-1,2.756138892E0
3.942199825E1,2.486353040E-1,-8.272640705E-2,2.595474948E0
3.944189625E1,-4.789198525E-1,-4.561062098E-2,1.429705184E0
3.946179425E1,-6.874132901E-2,4.167667276E-1,2.125342876E0
3.948169325E1,1.481173400E0,1.461431445E0,2.761993124E0
3.950159125E1,2.520183568E0,2.108057483E0,3.464030009E0
3.952149025E1,3.005404818E0,1.590476571E0,1.871891659E0
3.954138825E1,1.512684045E0,3.121374693E0,1.317745184E0
3.956128625E1,4.833530653E-1,3.734188621E0,3.586208164E0
3.958118525E1,-6.689697102E-2,4.959524701E0,4.056297698E0
3.960108325E1,2.385083358E0,5.843272290E0,1.468905941E0
3.962098125E1,3.770461531E0,3.629641575E0,-1.480347919E0
3.964088025E1,2.310129362E0,2.000811946E0,-4.582512023E0
3.966077825E1,-1.960056853E-1,-5.005508959E-2,-5.376830542E0
3.968067725E1,-3.172708569E0,1.660951307E0,-4.972264615E0
3.970057525E1,-7.864174100E0,5.871446514E0,-4.355720309E-1
3.972047325E1,-6.949974797E0,6.342737943E0,5.518560618E0
3.974037225E1,-3.071992033E0,2.971126978E0,2.939552014E0
3.976027025E1,-1.121177289E-1,1.077210320E0,-6.368439964E0
3.978016825E1,7.469218656E-1,5.899068761E-1,-8.448335502E0
3.980006725E1,2.044378381E0,-1.761257368E0,-6.943814755E0
3.981996525E1,1.093905656E0,-2.774987392E0,-5.013955847E0
3.983986425E1,-6.933993772E-1,-2.845988377E0,-2.417956989E0
3.985976225E1,-1.949243305E0,-2.730937393E0,-2.508846109E0
3.987966025E1,-1.177616369E0,-3.193127046E0,-4.228546146E0
3.989955925E1,-1.069547106E0,-4.174100967E0,-3.529522625E0
3.991945725E1,-7.792353335E-1,-4.953797354E0,-1.878688170E0
3.993935525E1,-2.665093651E-1,-5.069286295E0,-1.076308680E0
3.995925425E1,-4.429251239E-2,-5.004080485E0,-3.587404212E-1
3.997915225E1,4.146419956E-1,-4.963619506E0,8.064687404E-1
3.999905125E1,5.128787269E-1,-4.260386574E0,1.557584814E0
4.001894933E1,-2.892754993E-1,-3.357646644E0,3.617864698E0
4.003884733E1,1.306010699E-1,-1.648047087E0,5.503806338E0
4.005874633E1,1.775644881E0,2.326694232E0,3.437148019E0
4.007864433E1,1.767155309E0,8.560312606E0,2.366609372E0
4.009854233E1,3.581441514E-1,9.028891511E0,2.883572818E0
4.011844133E1,-5.576265912E-1,1.667581465E0,4.547796519E0
4.013833933E1,-1.876048590E0,-2.383022799E0,8.796645952E0
4.015823733E1,-3.282594415E0,3.451575147E0,3.579778274E0
4.017813633E1,-5.594531152E0,1.066118269E1,-5.836390702E0
4.019803433E1,-2.895066982E0,-6.434509993E-2,-1.084765858E1
4.021793333E1,-1.778614389E0,-9.081153340E0,5.218084484E-2
4.023783133E1,-4.348134278E-1,-9.714783940E0,3.514335651E0
4.025772933E1,-2.754629141E-1,-2.978037218E0,-3.577004939E0
4.027762833E1,7.452027842E-1,4.133766289E0,-7.217975494E0
4.029752633E1,1.476146402E0,8.877125275E0,-7.013573792E0
4.031742433E1,3.535351129E0,4.244794389E0,-3.466901869E0
4.033732333E1,2.411057567E0,-2.123250303E0,-8.928353316E-1
4.035722133E1,-1.373498531E-1,-4.938198736E0,-3.160930230E-1
4.037712033E1,-2.177293486E0,-4.115734060E0,1.741569062E-1
4.039701833E1,-2.024400053E0,-2.210284939E0,3.500501432E-2
4.041691633E1,-1.051988648E-1,-1.052012329E0,-1.706009951E0
4.043681533E1,1.474640306E0,3.319136882E-1,-2.403879232E0
4.045671333E1,1.784116035E0,9.974268168E-1,-6.454144943E-1
4.047661133E1,1.968401561E0,3.077383751E-1,1.298464283E0
4.049651033E1,1.260143386E0,-7.080662405E-1,1.037717056E0
4.051640833E1,3.244526410E-1,-1.617245709E0,1.694160569E-1
4.053630733E1,-2.042995222E-1,-2.041183462E0,4.794659825E-1
4.055620533E1,3.571347758E-2,-1.194136507E0,1.272665344E0
4.057610333E1,4.777987951E-1,4.317233205E-1,3.303952832E0
4.059600233E1,5.747774979E-1,5.508509839E-1,2.555237918E0
4.061590033E1,6.766589449E-1,1.144767880E-1,7.840046149E-1
4.063579833E1,5.193855084E-1,1.457324361E0,1.421798141E0
4.065569733E1,1.600461131E0,2.208813779E0,3.516504968E0
4.067559533E1,2.994902050E0,1.369951172E0,2.429682995E0
4.069549433E1,1.678573061E0,2.626045361E0,1.227633451E0
4.071539233E1,3.902291393E-1,3.758990756E0,2.871877509E0
4.073529033E1,5.347071138E-1,4.999009779E0,3.166715173E0
4.075518933E1,2.637785985E0,6.530444090E0,2.731998078E0
4.077508733E1,4.294648334E0,4.321807482E0,3.661481126E-1
4.079498533E1,2.198156352E0,1.927074464E0,-2.589962193E0
4.081488433E1,-7.413244723E-1,2.860077828E-1,-4.374804890E0
4.083478233E1,-2.055097789E0,-4.065814626E-1,-5.900469754E0
4.085468133E1,-6.346823977E0,3.369932229E0,-3.835560629E0
4.087457933E1,-6.321701415E0,6.357050757E0,4.400392306E0
4.089447733E1,-3.186397485E0,4.663013565E0,5.302029451E0
4.091437633E1,-4.130758189E-1,2.634867055E0,-1.596049114E0
4.093427433E1,4.088150990E-1,1.718776762E0,-7.812539093E0
4.095417233E1,1.357694823E0,-8.501822323E-1,-7.328494302E0
4.097407133E1,1.024795002E0,-2.598750558E0,-5.195894301E0
4.099396933E1,-7.330779979E-1,-3.239413605E0,-3.488040138E0
4.101386763E1,-1.674930831E0,-3.134612789E0,-2.965175682E0
4.103376563E1,-1.397657619E0,-3.204320955E0,-4.126730627E0
4.105366363E1,-4.375652736E-1,-4.050280913E0,-4.418871846E0
4.107356263E1,6.297743618E-2,-4.860522569E0,-3.419283314E0
4.109346063E1,3.459339957E-1,-4.796247051E0,-1.499526348E0
4.111335863E1,-2.003840804E-1,-4.353537982E0,-8.062725663E-2
4.113325763E1,-7.872990824E-1,-3.923667060E0,6.153466496E-1
4.115315563E1,-2.321935183E-1,-3.397635752E0,1.195067384E0
4.117305463E1,2.972834073E-1,-2.480392973E0,3.264704274E0
4.119295263E1,7.294022919E-1,-2.493635162E0,5.266371376E0
4.121285063E1,1.617922232E0,-9.612138408E-1,5.465498890E0
4.123274962E1,2.037368885E0,3.245003543E0,3.777444861E0
4.125264763E1,-7.886326861E-1,8.568289962E0,1.464268515E0
4.127254563E1,-3.322010788E0,6.823011864E0,1.627264329E0
4.129244463E1,-2.144668947E0,-1.299596304E-1,5.085785968E0
4.131234263E1,-2.170147019E0,6.247089189E-1,6.248472641E0
4.133224163E1,-2.762896519E0,8.578620238E0,-1.566916678E0
4.135213963E1,-3.397783687E0,5.269948118E0,-1.212428469E1
4.137203763E1,-1.415080275E0,-8.782757646E0,5.000304937E-1
4.139193663E1,8.357703075E-1,-1.283324555E1,5.023145331E0
4.141183463E1,3.392180300E0,-4.388490883E0,7.711536044E-1
4.143173363E1,2.552372198E0,5.053403503E0,-9.930501759E0
4.145163163E1,1.245284880E0,1.027299189E1,-8.531838419E0
4.147152963E1,3.163833372E-1,7.707595605E0,-3.980619817E0
4.149142863E1,8.208259937E-1,-4.583720058E-1,-1.315030614E0
4.151132663E1,2.051662257E-1,-3.457600118E0,-4.922291386E-1
4.153122463E1,-8.890401962E-1,-3.481315255E0,-1.087767907E0
4.155112363E1,-3.764428666E-1,-1.567216347E0,-3.909682274E-1
4.157102163E1,1.181339583E0,-6.388808155E-1,-3.677449872E-1
4.159092063E1,1.759043028E0,-4.540333718E-1,-1.699479196E0
4.161081863E1,1.530775622E0,-3.063601863E-1,-2.213179311E0
4.163071663E1,1.178673837E0,-4.458765060E-1,-6.192657459E-1
4.165061563E1,1.525094906E0,-8.649809504E-1,1.003204451E0
4.167051363E1,1.694176210E0,-1.246462070E0,6.328675389E-1
4.169041163E1,1.120842536E0,-1.163544459E0,-1.612064492E0
4.171031063E1,1.032772358E0,-3.583933890E-1,-1.633831336E0
4.173020863E1,1.961667469E0,4.379283857E-1,1.946968300E0
4.175010763E1,1.645030070E0,2.711348051E-1,4.658259486E0
4.177000563E1,8.116170676E-1,-5.497932225E-1,2.948365230E0
4.178990363E1,1.404746783E-1,-4.431066799E-1,2.518511264E-1
4.180980262E1,4.685549319E-2,4.458116019E-1,-5.508534689E-1
4.182970062E1,3.763743080E-1,1.666248885E0,9.632119806E-1
4.184959963E1,3.606483677E-1,1.620286261E0,3.289261118E0
4.186949763E1,5.469997153E-1,9.934922254E-1,2.590094340E0
4.188939563E1,3.616888797E-1,1.231489105E0,1.542514200E0
4.190929463E1,4.207431266E-1,2.749124572E0,2.854839892E0
4.192919263E1,2.504887252E0,3.913494658E0,2.944854269E0
4.194909063E1,3.821185834E0,6.997393377E0,1.025941933E0
4.196898963E1,8.118668314E0,5.301126056E0,-3.155618034E-2
4.198888763E1,6.936634959E0,2.681336632E0,-1.111025938E0
4.200878658E1,1.511889408E0,1.276783977E0,-2.012608704E0
4.202868458E1,-1.617964332E0,-8.628777069E-1,-2.482631287E0
4.204858258E1,-2.949549876E0,3.028514476E0,-3.349610231E0
4.206848158E1,-3.249511454E0,6.020116065E0,-7.340015656E-1
4.208837958E1,-1.562716623E0,6.008628041E0,5.771687168E-1
4.210827858E1,1.974714361E-1,3.264936701E0,-2.615248769E0
4.212817658E1,8.111213699E-1,1.963105592E0,-6.114552691E0
4.214807458E1,1.234471478E0,7.764318860E-1,-6.146953867E0
4.216797358E1,1.602109461E0,-7.890776592E-1,-4.941970775E0
4.218787158E1,1.716154139E0,-1.537918873E0,-3.979359157E0
4.220776958E1,7.964252704E-1,-1.154813982E0,-3.888545174E0
4.222766858E1,3.253478497E-1,-1.061667252E0,-5.040394617E0
4.224756658E1,2.493295147E-1,-1.566799441E0,-4.992377867E0
4.226746558E1,-9.505701542E-2,-1.874499809E0,-4.296633756E0
4.228736358E1,-3.190886977E-1,-2.164500071E0,-2.898362473E0
4.230726158E1,-3.703700946E-1,-2.801854763E0,-1.238134758E0
4.232716058E1,-7.758506727E-1,-3.212553835E0,-3.788568896E-1
4.234705858E1,-6.800060374E-1,-3.255327972E0,-1.246104805E0
4.236695758E1,-9.378587459E-1,-3.095644020E0,-1.468997158E0
4.238685558E1,-8.758721204E-1,-3.030962706E0,-8.650043392E-1
4.240675358E1,-1.719246586E-1,-2.316462774E0,-1.615980372E-1
4.242665258E1,3.812443078E-1,4.491772592E-2,1.506758769E0
4.244655058E1,3.782900020E-1,9.938132375E-1,4.329738937E0
4.246644958E1,2.543451101E0,2.274056427E0,4.598414403E0
4.248634758E1,3.184965794E0,5.062964870E0,5.571121239E0
4.250624558E1,1.548108378E0,6.020812469E0,3.298582457E0
4.252614458E1,1.454416979E0,1.890561526E0,1.056243959E-1
4.254604258E1,1.783586569E0,-9.097209209E-1,3.040345733E0
4.256594058E1,2.603136554E0,-1.379132470E0,3.314160024E0
4.258583958E1,1.449885972E0,3.373026575E0,-8.090943156E0
4.260573758E1,-6.862440809E0,4.740878012E0,-8.368461952E0
4.262563658E1,-8.213698432E0,-4.014121732E0,3.458667235E0
4.264553458E1,1.605996690E0,-8.913600791E0,2.134330777E0
4.266543258E1,4.629344712E0,-4.604447268E0,-5.141340948E0
4.268533158E1,6.408879308E0,4.100418448E0,-7.786295035E0
4.270522958E1,6.193828071E0,8.764662852E0,-5.664676105E0
4.272512858E1,3.569327253E0,8.188686967E0,-2.390099976E0
4.274502658E1,3.142320004E-1,2.264524296E0,-1.852662359E0
4.276492458E1,-1.343304241E-1,-1.440717099E0,-2.504156057E0
4.278482358E1,3.723536164E-2,-2.353753392E0,-1.923296724E0
4.280472158E1,6.579956558E-1,-1.906851284E0,-1.608854224E0
4.282462058E1,1.201454297E0,-2.987664074E-1,-1.815546573E0
4.284451858E1,1.440118344E0,8.821214783E-1,-4.689817786E-1
4.286441658E1,1.727038585E0,1.403337604E-1,7.777287984E-1
4.288431558E1,8.821781963E-1,-4.790518534E-1,8.421043038E-1
4.290421358E1,5.007666582E-1,-4.300206113E-1,3.696410930E-1
4.292411258E1,7.603710464E-1,-2.610138595E-2,7.639819944E-1
4.294401058E1,1.160455083E0,2.941371667E-1,3.542747199E-1
4.296390858E1,1.236526482E0,-1.265314078E-1,-4.706481620E-1
4.298380758E1,1.013483563E0,-1.977352917E-1,-1.934925520E-1
4.300370558E1,1.054156211E0,3.082155079E-1,6.438989691E-1
4.302360333E1,1.099396118E0,4.817602837E-1,1.902258150E0
4.304350233E1,4.691212347E-1,2.919397831E-1,2.242614487E0
4.306340033E1,1.662696701E-1,8.609264910E-2,7.553374708E-1
4.308329933E1,2.545292974E-2,6.413875169E-1,-4.303600422E-1
4.310319733E1,-1.711091182E-1,7.581283468E-1,1.081511386E0
4.312309533E1,9.056573984E-1,8.556914788E-1,1.775972617E0
4.314299433E1,2.739338672E0,1.272058257E0,6.849245690E-1
4.316289233E1,3.474366132E0,1.983534009E0,1.026939468E0
4.318279133E1,3.649145547E0,2.832436870E0,2.700099470E0
4.320268933E1,4.432225425E0,2.993982575E0,3.825957162E0
4.322258733E1,3.680803542E0,3.964647270E0,2.383380064E0
4.324248633E1,3.771252367E0,5.292525972E0,2.342308052E0
4.326238433E1,5.118452023E0,3.771227224E0,-3.085482144E-1
4.328228333E1,3.729999968E0,2.456698301E0,-1.526147844E0
4.330218133E1,1.065668794E0,8.615989208E-2,-1.414582969E0
4.332207933E1,-9.936202794E-1,7.616302443E-1,-1.094090062E0
4.334197833E1,2.785742176E-1,2.696057582E0,-2.085880748E0
4.336187633E1,8.353589559E-1,3.838152115E0,-2.314064831E0
4.338177433E1,1.174331403E0,4.084357316E0,-2.007764286E0
4.340167333E1,1.855508637E0,2.889245494E0,-2.648070652E0
4.342157133E1,1.310086647E0,1.532755197E0,-4.024924462E0
4.344147033E1,7.002087522E-1,7.264112949E-1,-5.995757149E0
4.346136833E1,3.827917734E-1,-7.262651145E-2,-6.386641762E0
4.348126633E1,2.828105253E-1,-1.850237957E0,-5.240431958E0
4.350116533E1,7.679621941E-1,-1.927460965E0,-3.784685175E0
4.352106333E1,2.476893707E-1,-1.147833576E0,-3.841867729E0
4.354096233E1,-4.083533151E-1,2.016353846E-2,-3.240172866E0
4.356086033E1,-9.287161857E-1,4.519792449E-1,-2.005448788E0
4.358075833E1,-1.299966871E0,3.029395652E-1,-1.025024213E0
4.360065733E1,-1.649756813E0,-3.623121929E-1,-9.021142781E-1
4.362055533E1,-2.282902679E0,-1.476573395E0,-8.769993174E-1
4.364045433E1,-2.538759879E0,-2.833054921E0,-1.775642104E0
4.366035233E1,-2.134293062E0,-4.185696580E0,-2.709754685E0
4.368025033E1,-1.349310647E0,-5.328710296E0,-1.540087021E0
4.370014933E1,-4.160866964E-1,-5.379519092E0,-5.405604690E-1
4.372004733E1,-1.282197914E-1,-3.441555358E0,3.022998798E-1
4.373994633E1,-1.020480342E0,-1.744187007E0,1.420050700E0
4.375984433E1,-6.946492195E-2,-3.133593035E-1,4.980269453E0
4.377974233E1,1.607692382E0,1.433972336E0,6.436926062E0
4.379964133E1,2.837384492E0,3.289904897E0,5.759083495E0
4.381953933E1,2.906790357E0,4.065543315E0,4.706785237E0
4.383943833E1,3.027398243E0,1.757297049E0,3.027456423E0
4.385933633E1,3.584568020E0,-7.316691113E-1,4.931429415E0
4.387923433E1,1.712369968E0,2.457290039E0,3.856070908E0
4.389913333E1,-5.802601397E0,1.266994802E1,-4.242759850E0
4.391903133E1,-8.141790544E0,4.495958614E0,-1.071213533E1
4.393892933E1,-6.361292912E0,-7.529546134E0,1.888668197E-1
4.395882833E1,-2.146361131E0,-1.166626059E1,5.140336397E0
4.397872633E1,3.336846636E-1,-6.730447517E0,4.492325154E-1
4.399862533E1,2.755507101E0,-5.896665555E-1,-6.533370037E0
4.401852350E1,1.824639724E0,5.634332564E0,-8.788713620E0
4.403842150E1,2.741511497E0,8.553757292E0,-4.976962852E0
4.405832050E1,2.766068049E0,1.373043180E-2,-1.112466838E0
4.407821850E1,-1.006322040E0,-4.025880482E0,-4.873743416E-1
4.409811750E1,-2.453281773E0,-3.388317044E0,4.398282923E-2
4.411801550E1,-8.060665981E-1,-2.141729259E0,-3.058959540E-1
4.413791350E1,9.359928994E-1,-5.513398111E-1,-2.007460231E0
4.415781250E1,1.119196252E0,7.275947714E-1,-2.126037086E0
4.417771050E1,6.927298710E-1,6.664480984E-1,-6.075853479E-1
4.419760950E1,6.976878713E-1,-1.188581067E-1,1.023177370E0
4.421750750E1,5.074513413E-1,-6.598793364E-1,7.976665612E-1
4.423740550E1,5.626933497E-1,-7.640357888E-1,-1.104141426E-1
4.425730450E1,8.973667775E-1,-5.768599838E-1,-6.238964483E-2
4.427720250E1,1.049172190E0,-1.956671315E-1,1.847224448E0
4.429710150E1,5.081613395E-1,-4.875385022E-1,3.562645347E0
4.431699950E1,-1.782930073E-1,-6.469564050E-1,2.297366352E0
4.433689750E1,-2.968817036E-1,-6.505015719E-1,5.185150042E-1
4.435679650E1,-3.345345564E-1,-1.710988855E-1,1.254974155E0
4.437669450E1,2.936479010E-1,6.628766191E-1,2.498131379E0
4.439659350E1,5.558202401E-1,1.303587613E0,2.924163312E0
4.441649150E1,1.650535077E0,8.043459088E-1,2.274826505E0
4.443638950E1,2.459517828E0,1.663999461E0,8.507301164E-1
4.445628850E1,2.022660506E0,3.647035287E0,2.361496859E0
4.447618650E1,2.014566644E0,4.705571355E0,3.709479457E0
4.449608450E1,2.887776966E0,6.299396042E0,2.551880154E0
4.451598350E1,4.737874005E0,5.736285785E0,7.582787664E-1
4.453588150E1,3.248489068E0,3.745588353E0,-8.649226244E-1
4.455578050E1,-1.114330492E0,1.035866413E0,-1.157685476E0
4.457567850E1,-3.505918292E0,-7.813634276E-1,-2.810729667E0
4.459557650E1,-3.973032178E0,9.988564610E-2,-5.458351253E0
4.461547550E1,-5.318142623E0,3.585793304E0,-2.510687397E0
4.463537350E1,-4.114531288E0,6.092927349E0,2.515994915E0
4.465527250E1,-1.931293230E0,4.290112649E0,2.446478537E0
4.467517050E1,-2.251066198E-1,1.955701262E0,-3.238534768E0
4.469506850E1,-2.794238180E-3,3.218319190E-1,-6.600244642E0
4.471496750E1,1.150884360E0,-2.162985057E0,-5.841000062E0
4.473486550E1,1.134607174E0,-3.245817475E0,-3.430418751E0
4.475476450E1,-3.604623532E-1,-2.982651256E0,-2.305014803E0
4.477466250E1,-1.776693725E0,-2.199690953E0,-3.357629102E0
4.479456050E1,-1.675194832E0,-2.277187026E0,-4.522351191E0
4.481445950E1,-1.046933364E0,-3.196326057E0,-4.017593516E0
4.483435750E1,-8.216802719E-1,-3.843038049E0,-2.783103912E0
4.485425650E1,-7.786242995E-1,-3.817988577E0,-1.577991596E0
4.487415450E1,-1.047502664E0,-3.967055739E0,-1.186679553E0
4.489405250E1,-9.756889156E-1,-4.502131519E0,-4.968624723E-1
4.491395150E1,-6.785255224E-2,-4.761308184E0,7.069763196E-1
4.493384950E1,4.259896870E-1,-3.706399729E0,3.088132980E0
4.495374850E1,4.831460738E-1,-2.571939905E0,6.132524108E0
4.497364650E1,1.042605913E0,-6.829717451E-1,6.569702881E0
4.499354450E1,2.286633788E0,3.488799106E0,4.312665360E0
4.501344363E1,-3.945785907E-1,8.808721622E0,1.751838673E0
4.503334163E1,-2.616199234E0,6.946831918E0,8.231286272E-1
4.505324063E1,-2.455872674E0,1.249613135E0,3.435770123E0
4.507313863E1,-3.601590142E0,3.203652619E0,6.189781798E0
4.509303663E1,-3.595597331E0,7.693783312E0,-7.194645104E-1
4.511293563E1,-5.816300254E0,3.313129452E0,-9.948066795E0
4.513283363E1,-2.210676556E0,-8.500548214E0,1.339069979E0
4.515273263E1,7.974900484E-2,-1.236730549E1,1.058950635E0
4.517263063E1,1.536167632E0,-6.104827602E0,-6.830746561E-1
4.519252863E1,2.395734353E0,3.287136240E0,-7.094398685E0
4.521242763E1,1.069805553E0,8.566896570E0,-8.284678953E0
4.523232563E1,1.223040829E0,7.162231649E0,-4.610374006E0
4.525222463E1,1.683933204E0,-1.341633106E0,-1.708998463E0
4.527212263E1,-5.832919210E-1,-4.255407670E0,-4.863795841E-1
4.529202063E1,-1.830068133E0,-3.777086719E0,4.861521274E-3
4.531191962E1,-1.673115709E0,-2.369778271E0,2.818018075E-1
4.533181762E1,-1.201018095E-3,-9.204733658E-1,-1.370106708E0
4.535171663E1,9.308941273E-1,3.377848774E-1,-2.929340436E0
4.537161463E1,1.409388741E0,6.865157425E-2,-5.866265881E-1
4.539151263E1,1.309460995E0,-6.553565150E-1,1.325313528E0
4.541141163E1,9.232839762E-1,-1.215848973E0,7.615788618E-1
4.543130963E1,5.380895819E-1,-1.655963632E0,-6.069285594E-2
4.545120763E1,3.853778507E-1,-1.181312978E0,-2.458615310E-1
4.547110663E1,6.748806605E-1,-4.919964194E-1,1.454667971E0
4.549100463E1,3.682127644E-1,-2.857937747E-1,3.260420312E0
4.551090363E1,-3.364242303E-1,-3.661959136E-1,2.499087106E0
4.553080163E1,-3.143884134E-1,-9.443721056E-2,8.850556111E-1
4.555069963E1,-1.116686627E-2,1.282278020E0,1.582486643E0
4.557059862E1,8.696202774E-1,2.151485923E0,3.468195273E0
4.559049663E1,2.849090325E0,6.342849040E-1,3.080029031E0
4.561039563E1,3.770681971E0,1.039712126E0,-2.690537810E-1
4.563029363E1,1.337789732E0,3.787707016E0,1.843439984E0
4.565019163E1,8.171790853E-2,4.953287476E0,4.975907430E0
4.567009063E1,1.273053014E0,6.525783859E0,1.972666520E0
4.568998863E1,3.543061560E0,5.543761532E0,3.635893710E-1
4.570988763E1,2.100767028E0,3.174322400E0,-6.166974295E-1
4.572978563E1,-1.154295626E0,9.150243455E-1,-1.809915558E0
4.574968363E1,-1.908432517E0,-4.063961059E-1,-4.895680708E0
4.576958263E1,-3.747258902E0,1.304155962E0,-6.402784170E0
4.578948063E1,-6.377547587E0,6.201982598E0,-8.252000034E-1
4.580937963E1,-4.747056180E0,8.367577853E0,5.469136443E0
4.582927763E1,-2.422533312E0,4.384096701E0,2.851600535E0
4.584917563E1,-3.904612007E-1,1.206393440E0,-4.291630002E0
4.586907463E1,4.605047777E-3,-3.463528025E-1,-7.369914808E0
4.588897263E1,1.101724772E0,-3.093601003E0,-6.849783926E0
4.590887163E1,8.882669751E-1,-4.199723466E0,-5.868600090E0
4.592876963E1,-6.366213783E-1,-3.427392232E0,-4.111025298E0
4.594866763E1,-1.854587116E0,-3.124677200E0,-2.682043560E0
4.596856663E1,-1.819129308E0,-3.346181424E0,-3.309931610E0
4.598846463E1,-1.117274419E0,-3.997908572E0,-3.726396621E0
4.600836363E1,-3.642385581E-1,-4.538179604E0,-2.359245681E0
4.602826213E1,-1.616204028E-1,-4.422524017E0,-1.224603132E0
4.604816013E1,-4.461595112E-1,-4.424155390E0,-7.068511891E-1
4.606805913E1,-5.177892186E-1,-4.583740523E0,3.801745597E-1
4.608795713E1,-2.613869119E-1,-4.032703598E0,1.613711067E0
4.610785613E1,1.121630448E-1,-2.807282733E0,4.206511499E0
4.612775413E1,3.949444802E-1,-1.245173929E0,5.662949422E0
4.614765313E1,1.496231003E0,1.647790394E0,4.414779088E0
4.616755113E1,1.006936436E0,6.675260911E0,2.815941875E0
4.618744913E1,-1.143514822E0,8.381065625E0,1.635070361E0
4.620734813E1,-2.355149268E0,2.832501774E0,1.616691686E0
4.622724613E1,-3.308994886E0,-2.536180088E0,6.772517649E0
4.624714513E1,-2.661125146E0,1.884559944E0,6.470020133E0
4.626704313E1,-3.343031529E0,9.900900815E0,-2.279713023E0
4.628694113E1,-4.704988387E0,1.810781531E0,-1.300932392E1
4.630684013E1,-2.795959308E0,-7.625445734E0,-3.060087687E-1
4.632673813E1,-7.225492090E-2,-1.033977060E1,3.227683505E0
4.634663713E1,1.553971235E0,-3.712791320E0,-9.010992014E-1
4.636653513E1,1.766082198E0,3.473551322E0,-8.032645832E0
4.638643313E1,1.312697867E0,8.121373821E0,-6.932256564E0
4.640633213E1,1.924136823E0,5.371338837E0,-3.750929199E0
4.642623013E1,1.981512042E0,-1.160091679E0,-1.741086813E0
4.644612913E1,-6.515369676E-2,-4.524381929E0,-9.921100898E-1
4.646602712E1,-1.917803411E0,-3.863224976E0,-7.727961604E-1
4.648592512E1,-2.265123343E0,-2.423501319E0,-3.564755023E-2
4.650582413E1,-3.522305699E-1,-1.308850692E0,-1.233583578E0
4.652572213E1,8.545750992E-1,-1.065304220E-1,-2.170427978E0
4.654562113E1,1.347108585E0,6.250158978E-1,-6.632110798E-1
4.656551913E1,1.294892950E0,6.490947318E-1,1.723638722E0
4.658541713E1,9.968520355E-1,-1.675496256E-1,2.287528996E0
4.660531613E1,8.523351771E-1,-1.408705348E0,9.631346512E-1
4.662521413E1,8.716434141E-1,-1.830230539E0,-3.893777116E-1
4.664511313E1,1.191232633E0,-1.434276976E0,-9.686482832E-2
4.666501113E1,1.165679716E0,-5.581909937E-1,1.765299110E0
4.668490913E1,-2.230971511E-1,3.571777529E-1,2.569411276E0
4.670480812E1,-6.163487162E-1,2.797038996E-1,1.460421924E0
4.672470613E1,-5.594104305E-1,4.869689834E-1,1.092617733E0
4.674460513E1,-5.145285188E-1,1.386435058E0,3.128682251E0
4.676450313E1,6.369775468E-1,1.509500821E0,3.971847532E0
4.678440113E1,2.088143036E0,1.675028479E0,1.765593663E0
4.680430013E1,1.895279352E0,3.430624573E0,1.433066895E0
4.682419813E1,1.608253861E0,4.334539794E0,3.201218715E0
4.684409713E1,1.662633990E0,7.208452719E0,3.372326664E0
4.686399513E1,4.798901687E0,5.435981560E0,1.935209841E0
4.688389313E1,3.832903947E0,2.266432242E0,-1.300381000E0
4.690379213E1,1.046657449E-1,9.828239805E-1,-4.937590041E0
4.692369013E1,-2.152813679E0,-6.935189527E-1,-6.123751531E0
4.694358913E1,-6.313211258E0,3.004790568E0,-5.723209072E0
4.696348713E1,-7.655710922E0,6.463091767E0,7.926701155E-1
4.698338513E1,-5.206067287E0,5.799577217E0,5.439894517E0
4.700328413E1,-1.849473726E0,2.845839858E0,2.353422439E0
4.702318158E1,-2.624815106E-2,1.888792158E0,-5.979855062E0
4.704308058E1,7.950230350E-1,1.425434232E-2,-7.198165712E0
4.706297858E1,2.265876757E0,-2.114924453E0,-6.648972999E0
4.708287658E1,1.239129077E0,-3.269303986E0,-4.458040882E0
4.710277558E1,-1.002599264E0,-3.405144162E0,-3.453373750E0
4.712267358E1,-9.370174778E-1,-3.318662088E0,-4.132845937E0
4.714257258E1,-8.692970726E-1,-3.982024026E0,-3.881766497E0
4.716247058E1,-5.570002082E-1,-4.984737310E0,-2.888671882E0
4.718236858E1,-7.086363441E-1,-5.454786791E0,-1.072022671E0
4.720226758E1,-4.531329006E-1,-5.180866957E0,-5.031710333E-1
4.722216558E1,-2.488605680E-1,-4.409398772E0,-9.281607002E-2
4.724206458E1,2.099290752E-1,-3.656293184E0,9.024499083E-1
4.726196258E1,3.577484411E-1,-2.881095060E0,2.458717929E0
4.728186158E1,1.757161394E-3,-2.136276146E0,4.271648604E0
4.730175958E1,1.756945778E-1,-2.035532713E-2,4.273140813E0
4.732165758E1,1.158211945E0,4.335581183E0,2.443996687E0
4.734155658E1,5.751039188E-1,8.123591670E0,2.045446082E0
4.736145458E1,-3.289158207E-1,5.252457926E0,2.566356398E0
4.738135358E1,-1.018018079E0,-1.102245759E0,4.819991425E0
4.740125158E1,-1.897190660E0,-3.274527889E0,7.340062433E0
4.742114958E1,-2.879870653E0,3.602920384E0,2.696066060E0
4.744104858E1,-6.469901435E0,1.216204484E1,-5.659690769E0
4.746094658E1,-5.734678971E0,2.279155784E0,-1.080254732E1
4.748084558E1,-2.124208954E0,-8.374019730E0,1.245058154E0
4.750074358E1,1.278343575E0,-1.062881601E1,3.511727501E0
4.752064158E1,2.172707223E0,-3.612452515E0,-2.115977536E0
4.754054058E1,2.895921845E0,3.585697995E0,-8.262424450E0
4.756043858E1,2.123896421E0,7.581558872E0,-7.051771898E0
4.758033758E1,1.999098420E0,4.572869965E0,-3.071806676E0
4.760023558E1,1.490849226E0,-2.018070588E0,-9.650316341E-1
4.762013358E1,-1.167845525E0,-4.656455913E0,-1.144064753E-1
4.764003258E1,-3.186146055E0,-3.746732068E0,4.459542008E-1
4.765993058E1,-2.056196042E0,-2.490507486E0,-1.164397349E-1
4.767982958E1,4.891837625E-1,-1.308502783E0,-2.354270285E0
4.769972758E1,1.758974031E0,3.600247622E-1,-2.364267855E0
4.771962558E1,1.443849453E0,9.719604385E-1,3.129827428E-1
4.773952458E1,1.173085215E0,2.658939457E-1,2.222215598E0
4.775942258E1,1.234202652E0,-1.320260364E0,1.963675110E0
4.777932158E1,1.083875854E0,-1.824712522E0,-1.641266656E-1
4.779921958E1,1.059402186E0,-1.357898306E0,-5.470185725E-1
4.781911758E1,8.568344633E-1,-5.836667275E-1,1.123343536E0
4.783901658E1,-2.565116496E-1,7.621319354E-2,2.615064290E0
4.785891458E1,-6.376697110E-1,7.297371912E-1,2.494997271E0
4.787881358E1,-3.915418392E-1,9.797933686E-1,1.286215535E0
4.789871158E1,-3.293144546E-1,1.138533579E0,1.683789655E0
4.791860958E1,5.336524223E-1,1.225674634E0,3.588136868E0
4.793850858E1,2.641774663E0,1.081180580E0,2.992093047E0
4.795840658E1,2.422960890E0,4.072447708E0,1.447850702E0
4.797830558E1,1.483477495E0,5.904567482E0,2.942432645E0
4.799820358E1,1.723812969E0,6.552112702E0,3.818704276E0
4.801810196E1,4.227088435E0,5.686007917E0,1.927664448E0
4.803800096E1,4.255003043E0,2.607161193E0,-9.301328199E-1
4.805789896E1,1.579516258E0,1.510091389E0,-5.715263876E0
4.807779796E1,-2.492539394E-1,-5.156934303E-1,-6.142914026E0
4.809769596E1,-4.207108499E0,1.480650659E0,-5.676703827E0
4.811759396E1,-8.240505577E0,6.243174478E0,5.566396543E-1
4.813749296E1,-7.241396517E0,6.658882275E0,6.031303543E0
4.815739096E1,-3.509839143E0,3.374488964E0,3.132456336E0
4.817728996E1,-3.271919154E-2,4.528341079E-1,-5.704598554E0
4.819718796E1,7.793391947E-1,-8.687173212E-1,-8.909121823E0
4.821708596E1,2.403417010E0,-2.786111720E0,-7.814450548E0
4.823698496E1,1.903368098E0,-3.359859815E0,-5.924774875E0
4.825688296E1,2.474752895E-1,-3.602663691E0,-2.843660308E0
4.827678196E1,-1.190169098E0,-3.258569083E0,-2.765791768E0
4.829667996E1,-1.319099984E0,-3.677971151E0,-3.976602488E0
4.831657796E1,-1.740995304E0,-4.683792230E0,-2.535506489E0
4.833647696E1,-1.258575162E0,-5.374494579E0,-1.064106710E0
4.835637496E1,-6.436155984E-1,-5.088100296E0,-9.430792862E-1
4.837627396E1,-3.309135219E-1,-4.583375072E0,-2.176918387E-2
4.839617196E1,-1.568457127E-2,-3.817644176E0,1.183347809E0
4.841606996E1,-2.656112328E-1,-3.131239530E0,2.488628191E0
4.843596896E1,-3.173090976E-1,-2.148002737E0,4.226418929E0
4.845586696E1,1.053412445E0,1.410430276E-1,4.259242859E0
4.847576596E1,1.659537743E0,4.824536465E0,2.972686431E0
4.849566396E1,3.305787688E-1,8.541247759E0,2.893164883E0
4.851556196E1,-1.652397708E0,4.791656402E0,2.994604719E0
4.853546096E1,-2.884046735E0,-1.211631376E0,6.444851378E0
4.855535896E1,-4.198491165E0,-4.524107695E-2,5.301563428E0
4.857525796E1,-5.545789347E0,1.011818569E1,-7.967100298E-1
4.859515596E1,-6.181931326E0,8.256491280E0,-1.178826157E1
4.861505396E1,-1.712091640E0,-5.532054237E0,-2.891692554E0
4.863495296E1,9.301791590E-1,-1.273217409E1,3.249719907E0
4.865485096E1,7.169537160E-1,-7.378417829E0,1.520037503E0
4.867474996E1,9.881977178E-1,4.162469101E-1,-8.116094370E0
4.869464796E1,1.442380486E0,7.716641833E0,-8.204552218E0
4.871454596E1,1.316971451E0,7.906247740E0,-5.860404632E0
4.873444496E1,1.381306757E0,1.461910332E0,-2.233200177E0
4.875434296E1,3.652922264E-1,-4.148655639E0,-3.805519974E-1
4.877424196E1,-1.574063437E0,-5.013109755E0,-2.514431369E-1
4.879413996E1,-2.307036770E0,-3.557030851E0,3.848836148E-1
4.881403796E1,-6.723662116E-1,-2.310472301E0,-1.162546924E0
4.883393696E1,1.011865785E0,-1.273587888E-1,-2.578080651E0
4.885383496E1,1.699268842E0,1.254986726E0,-1.145123391E0
4.887373396E1,2.021963810E0,-1.130249244E-1,6.659837564E-1
4.889363196E1,1.212118011E0,-1.540297521E0,1.525455533E0
4.891352996E1,-2.552090362E-2,-1.141165996E0,8.716314273E-1
4.893342896E1,8.773023494E-1,-1.615679240E-1,1.929223462E0
4.895332696E1,1.976617337E0,-1.636249745E-1,3.579180688E0
4.897322496E1,1.158241035E0,-4.091466361E-1,2.546062759E0
4.899312396E1,-1.231803685E-2,-9.008395851E-2,9.327903794E-1
4.901302196E1,-3.498298493E-1,5.862897885E-1,9.258668375E-1
4.903292071E1,3.970291588E-1,1.291455225E0,2.154505279E0
4.905281871E1,1.415905901E0,1.566515851E0,3.832851030E0
4.907271671E1,1.679862811E0,1.330093042E0,3.150675091E0
4.909261571E1,1.160072675E0,2.795105907E0,1.850360749E0
4.911251371E1,1.006314292E0,4.092656854E0,2.848618163E0
4.913241271E1,1.454428820E0,6.521048784E0,2.820729575E0
4.915231071E1,4.307953674E0,5.982702071E0,3.359308715E-1
4.917220871E1,4.087634389E0,3.598632621E0,-1.219191241E0
4.919210771E1,1.604917440E-1,1.298085383E0,-3.865235249E0
4.921200571E1,-1.547264771E0,-4.775210524E-1,-5.955765703E0
4.923190471E1,-5.080901788E0,2.008320941E0,-5.728630611E0
4.925180271E1,-7.583239946E0,5.719772079E0,-3.129096526E-1
4.927170071E1,-6.658877013E0,6.205038353E0,5.983292055E0
4.929159971E1,-2.771008946E0,3.341684915E0,3.477687643E0
4.931149771E1,-5.492482620E-1,1.610505624E0,-3.982370181E0
4.933139671E1,3.595854170E-1,8.615895653E-1,-8.044898672E0
4.935129471E1,1.606956072E0,-8.713649404E-1,-7.971395663E0
4.937119271E1,9.333346090E-1,-2.710892553E0,-6.076391423E0
4.939109171E1,-1.033846419E0,-3.687890952E0,-5.068393425E0
4.941098971E1,-2.521795060E0,-3.848283001E0,-3.502409670E0
4.943088871E1,-2.166122673E0,-4.241664374E0,-4.534633852E0
4.945078671E1,-1.064381968E0,-5.081140940E0,-3.137037629E0
4.947068471E1,-3.327695744E-1,-5.449700298E0,-1.048742858E0
4.949058371E1,2.827611163E-2,-4.760259193E0,-7.645880583E-1
4.951048171E1,-2.804251537E-2,-4.204446262E0,-1.207295373E0
4.953038071E1,-7.749519557E-2,-4.229941292E0,-4.492637980E-1
4.955027871E1,4.630497783E-2,-4.304269928E0,1.368010481E0
4.957017671E1,3.677059570E-1,-3.681867151E0,4.114645894E0
4.959007571E1,1.233792323E0,-2.319696284E0,6.339365269E0
4.960997371E1,2.139583038E0,1.383441283E0,4.603278995E0
4.962987171E1,1.151095006E0,7.791059931E0,4.045908073E0
4.964977071E1,-2.249089401E0,9.393413951E0,2.607372862E0
4.966966871E1,-2.562399588E0,2.875447819E0,3.793223280E0
4.968956771E1,-3.381000423E0,-4.595063657E-1,6.098119676E0
4.970946571E1,-3.923789266E0,5.712691686E0,2.867235990E0
4.972936371E1,-5.646317602E0,1.228690511E1,-7.500425246E0
4.974926271E1,-3.430464067E0,-2.622452831E0,-9.156054418E0
4.976916071E1,-5.052839246E-1,-1.313312585E1,2.122007185E0
4.978905971E1,8.887102671E-1,-1.016036516E1,4.052313698E0
4.980895771E1,6.837678435E-1,-9.262808204E-1,-6.520322560E0
4.982885571E1,8.291788875E-1,6.515512640E0,-8.212613189E0
4.984875471E1,9.434271955E-1,9.627430047E0,-7.620715336E0
4.986865271E1,1.765079401E0,2.223160508E0,-2.749314022E0
4.988855171E1,7.781559375E-1,-3.587276743E0,-6.389772946E-1
4.990844971E1,-8.543938355E-1,-4.799703341E0,-1.572089709E-1
4.992834771E1,-1.777755580E0,-3.304797755E0,2.644601353E-1
4.994824671E1,-9.612838612E-1,-2.012493514E0,-9.893208218E-1
4.996814471E1,1.087598484E0,-6.833629239E-1,-3.286635718E0
4.998804271E1,2.157054519E0,4.001775920E-1,-1.779862039E0
5.000794171E1,2.006441207E0,4.720901585E-1,5.744315986E-1
5.002784008E1,1.478315427E0,-3.694744474E-1,2.085111254E0
5.004773908E1,6.738993515E-1,-1.038786512E0,1.595274796E0
5.006763708E1,3.493595870E-1,-4.025328505E-1,5.296090727E-1
5.008753508E1,1.510117848E0,-6.038577479E-1,1.821059328E0
5.010743408E1,1.082801574E0,-8.884066504E-1,2.602102182E0
5.012733208E1,-5.153444977E-1,-8.050657010E-1,8.506940098E-1
5.014723108E1,-1.398285609E0,-1.109053087E-1,1.145988779E0
5.016712908E1,-9.159369497E-1,3.444793546E-1,2.243330186E0
5.018702708E1,1.258208980E0,8.786201656E-1,1.168359934E0
5.020692608E1,3.055346764E0,6.312355810E-1,1.983204957E0
5.022682408E1,3.322096742E0,1.518760471E0,9.908811513E-1
5.024672308E1,1.339785386E0,3.713912816E0,2.310821965E0
5.026662108E1,4.027253701E-1,3.799989093E0,4.854636762E0
5.028651908E1,1.022699798E0,5.782364184E0,1.957286589E0
5.030641808E1,3.755813379E0,5.863623524E0,-4.488601939E-1
5.032631608E1,3.559688995E0,4.451979366E0,-1.111017606E0
5.034621408E1,-3.699331614E-1,2.163744026E0,-1.672669858E0
5.036611308E1,-2.680141461E0,-7.651093376E-1,-3.210648812E0
5.038601108E1,-4.017991711E0,8.809748393E-1,-5.320412512E0
5.040591008E1,-5.411263041E0,5.001788376E0,-1.688554258E0
5.042580808E1,-4.246725724E0,7.384879587E0,3.965836594E0
5.044570608E1,-2.050335378E0,4.674121521E0,2.801427332E0
5.046560508E1,-5.644741192E-1,1.776123329E0,-2.807806059E0
5.048550308E1,-2.996311375E-1,6.452852708E-1,-7.624012581E0
5.050540208E1,5.307646286E-1,-1.685544696E0,-6.817528346E0
5.052530008E1,4.218590677E-1,-3.007322413E0,-5.538068683E0
5.054519808E1,-9.216460249E-1,-3.409306210E0,-4.539347878E0
5.056509708E1,-1.777166473E0,-3.370537416E0,-4.012314357E0
5.058499508E1,-1.673588895E0,-3.388194253E0,-4.189030370E0
5.060489308E1,-8.584563348E-1,-4.009446298E0,-3.283121542E0
5.062479208E1,-2.526374307E-1,-4.320708205E0,-1.396436135E0
5.064469008E1,-9.771282077E-3,-4.017189181E0,-5.472871059E-1
5.066458908E1,-2.288895491E-1,-3.915745836E0,-7.395657760E-1
5.068448708E1,-5.772862458E-1,-4.040161722E0,-1.246649766E-1
5.070438508E1,1.894186507E-1,-4.500196676E0,4.164208648E-1
5.072428408E1,4.882881153E-1,-3.920915945E0,1.649143440E0
5.074418208E1,-3.788685840E-1,-2.787607437E0,3.991069669E0
5.076408108E1,4.068270457E-1,-2.775088549E-2,5.001810011E0
5.078397908E1,1.264609927E0,4.791643538E0,2.942485854E0
5.080387708E1,1.011522553E0,8.173767212E0,3.337564674E0
5.082377608E1,-1.737166840E-1,4.865524278E0,5.570030733E0
5.084367408E1,-7.552184799E-1,-1.800755310E-1,6.135769898E0
5.086357208E1,-1.025940179E0,3.159421940E0,5.289238082E0
5.088347108E1,-3.326529224E0,1.150650881E1,-1.800594512E0
5.090336908E1,-4.647561713E0,3.052723119E0,-1.265744901E1
5.092326808E1,-3.657504727E0,-8.551335375E0,-1.948865867E0
5.094316608E1,-3.382338266E0,-1.189137605E1,4.478478363E0
5.096306408E1,-1.943660091E0,-5.445630636E0,3.323531064E-1
5.098296308E1,-6.130481091E-1,1.884825407E0,-8.777969946E0
5.100286108E1,6.983353043E-1,7.993183558E0,-7.049531245E0
5.102275863E1,2.744193908E0,6.382943398E0,-4.675072863E0
5.104265763E1,3.036581295E0,-1.380537556E0,-1.770557803E0
5.106255563E1,1.020046478E0,-4.842783871E0,-9.708494675E-1
5.108245463E1,-1.160994416E0,-3.908806361E0,-2.419011388E-1
5.110235263E1,-1.962158050E0,-2.047904837E0,-1.296128905E-1
5.112225063E1,-4.453110802E-1,-8.311653328E-1,-2.515488546E0
5.114214962E1,1.286435829E0,2.741999155E-1,-2.544656796E0
5.116204763E1,1.101191213E0,4.418822730E-1,9.077100635E-1
5.118194663E1,1.346724423E0,-1.007457715E-1,2.430661819E0
5.120184463E1,1.907469335E0,-1.156096276E0,1.172683657E0
5.122174263E1,1.518955476E0,-1.742993006E0,8.976879358E-2
5.124164163E1,8.691092308E-1,-9.146472001E-1,1.845527440E-3
5.126153963E1,1.272409236E0,4.275677043E-1,2.033336645E0
5.128143763E1,7.294438072E-1,9.494363791E-1,4.608989093E0
5.130133663E1,2.795904636E-2,5.470105326E-1,2.828461933E0
5.132123463E1,2.971394196E-2,-1.382059586E-1,4.044071755E-1
5.134113363E1,-2.058518118E-1,7.836227918E-1,6.465804291E-1
5.136103163E1,9.881768140E-1,1.305877383E0,2.832421668E0
5.138092963E1,2.213573705E0,1.068130764E0,2.734118570E0
5.140082863E1,1.638308257E0,3.041958395E0,1.175506985E0
5.142072663E1,1.174262113E0,4.732201914E0,3.500849341E0
5.144062563E1,2.044038365E0,6.529707926E0,3.292457206E0
5.146052363E1,4.634265729E0,5.650372646E0,1.566560290E0
5.148042163E1,5.041792102E0,2.292894402E0,-6.381009431E-1
5.150032063E1,1.320826667E0,1.035173517E0,-4.266325006E0
5.152021863E1,-1.295907734E0,2.642058545E-1,-6.105681295E0
5.154011663E1,-4.680041242E0,3.220433543E0,-5.692372611E0
5.156001563E1,-7.709085476E0,7.216872125E0,8.309255970E-1
5.157991363E1,-6.044407738E0,6.709333806E0,5.388351896E0
5.159981263E1,-2.114407559E0,2.565933645E0,2.409476187E0
5.161971063E1,-2.426500940E-1,8.109053153E-1,-6.269465314E0
5.163960863E1,4.573735207E-1,-4.854124546E-2,-8.093844545E0
5.165950763E1,2.155894724E0,-2.009519035E0,-7.125729235E0
5.167940563E1,1.503346041E0,-2.916765414E0,-5.031917909E0
5.169930363E1,-2.962158519E-1,-3.192109630E0,-3.475273327E0
5.171920262E1,-1.897951822E0,-3.759211780E0,-3.305397387E0
5.173910062E1,-1.503850364E0,-3.953844540E0,-4.238059274E0
5.175899963E1,-1.435110643E0,-4.430117796E0,-3.527295420E0
5.177889763E1,-1.326964927E0,-4.701725641E0,-2.136172357E0
5.179879563E1,-1.182395006E0,-4.394815232E0,-1.160015080E0
5.181869463E1,-7.902823319E-1,-3.965387528E0,2.639681652E-1
5.183859263E1,-3.720068765E-1,-3.174263928E0,1.815580341E0
5.185849063E1,1.552383862E-1,-2.856783507E0,2.451466505E0
5.187838963E1,-4.179224297E-2,-2.878642738E0,2.264371684E0
5.189828763E1,-2.767778798E-1,-9.046279961E-1,2.532814723E0
5.191818663E1,-1.158421129E-1,1.825825832E0,2.490866506E0
5.193808463E1,9.274678051E-1,4.212125410E0,4.167757323E0
5.195798263E1,2.452769557E-1,4.258467518E0,5.586692959E0
5.197788163E1,-1.736414011E0,9.154348201E-1,5.119792204E0
5.199777963E1,-4.749215265E-1,-4.169561774E-1,4.806703919E0
5.201767763E1,-1.700270324E0,9.191133619E0,4.386367759E0
5.203757696E1,-5.459229505E0,1.299559349E1,-1.204148110E1
5.205747496E1,-3.867685817E0,-9.276391286E-1,-1.020389300E1
5.207737396E1,-3.957426544E0,-1.143211702E1,6.032338500E0
5.209727196E1,-9.236147824E-1,-9.718229704E0,4.994339608E0
5.211716996E1,-4.042360713E-1,-2.277142003E0,-7.629189706E0
5.213706896E1,8.054022083E-1,4.415630150E0,-8.239857121E0
5.215696696E1,1.709531144E0,8.162470391E0,-5.070466847E0
5.217686496E1,2.365304566E0,1.953519666E0,-3.448766145E0
5.219676396E1,5.007727978E-1,-4.355776881E0,-1.988674881E0
5.221666196E1,-1.127336746E0,-5.135470344E0,-1.019085488E0
5.223656096E1,-1.323943963E0,-3.013318148E0,5.679411527E-1
5.225645896E1,-3.835374396E-1,-1.020744343E0,-3.565936160E-1
5.227635696E1,9.038394991E-1,3.038166475E-1,-2.270094938E0
5.229625596E1,1.952873403E0,6.746564198E-1,-1.419154322E0
5.231615396E1,1.849950859E0,1.372937930E-1,7.401218462E-1
5.233605196E1,1.168333329E0,-6.351257336E-1,1.622880671E0
5.235595096E1,2.174867477E-1,-7.373666382E-1,4.369625719E-1
5.237584896E1,7.828658697E-1,-6.946574056E-1,1.305262548E0
5.239574796E1,9.409954847E-1,-7.186052620E-1,3.553783307E0
5.241564596E1,1.924973559E-1,-1.256257911E0,2.621599723E0
5.243554396E1,-2.558456518E-1,-1.034926765E0,1.608963421E0
5.245544296E1,2.777396737E-1,3.789177006E-1,2.103423711E0
5.247534096E1,1.851291333E0,1.807165613E0,6.800592470E-1
5.249523896E1,1.691698745E0,2.713845397E0,1.503456846E0
5.251513796E1,6.744761793E-1,1.200086049E0,4.305660103E0
5.253503596E1,7.228956565E-1,9.636433589E-1,2.052241424E0
5.255493496E1,1.894936413E-2,3.612876438E0,1.590918913E0
5.257483296E1,2.338626060E-1,6.173856906E0,2.748977222E0
5.259473096E1,2.587610150E0,8.239242579E0,3.337495970E0
5.261462996E1,5.687512990E0,4.790467079E0,1.095754180E0
5.263452796E1,2.959769931E0,2.132147427E0,-3.310988202E0
5.265442596E1,-6.466772005E-2,5.832965988E-1,-5.341560137E0
5.267432496E1,-3.056194903E0,1.835345099E0,-6.059932680E0
5.269422296E1,-6.128900004E0,5.275703532E0,-3.303186847E0
5.271412196E1,-6.647400098E0,6.830319715E0,5.354005936E0
5.273401996E1,-3.492328193E0,3.461406071E0,4.012386278E0
5.275391796E1,-1.076835514E0,1.333187388E0,-4.200419869E0
5.277381696E1,3.152356750E-1,1.941041708E-1,-7.081294490E0
5.279371496E1,2.046079628E0,-1.965625741E0,-6.589350110E0
5.281361296E1,1.998971535E0,-2.987998534E0,-5.505760478E0
5.283351196E1,-2.116300303E-1,-3.392591359E0,-4.178909132E0
5.285340996E1,-2.180717323E0,-4.280261260E0,-3.561646643E0
5.287330896E1,-1.598549822E0,-4.088971939E0,-4.267052985E0
5.289320696E1,-1.174907792E0,-4.747852571E0,-3.812288126E0
5.291310496E1,-8.973949172E-1,-5.491726575E0,-2.674168822E0
5.293300396E1,-1.010543583E0,-5.165871772E0,-1.872929832E0
5.295290196E1,-9.878536092E-1,-4.506163759E0,-8.399808875E-1
5.297279996E1,2.021404378E-1,-4.287198397E0,1.254942580E0
5.299269896E1,2.278475752E-1,-2.681447729E0,2.613280304E0
5.301259696E1,1.246228766E-1,-1.163212337E0,4.463209528E0
5.303249613E1,9.925438801E-1,-1.024256766E-2,5.036510897E0
5.305239413E1,1.030437419E0,3.124421092E0,3.567304116E0
5.307229213E1,8.276574419E-1,6.937846502E0,3.940113523E0
5.309219113E1,-6.225378478E-1,5.623039252E0,5.107836403E0
5.311208913E1,-6.999782257E-1,5.018858153E-1,4.930197991E0
5.313198713E1,-1.620629493E0,2.875701588E0,5.556531267E0
5.315188613E1,-4.552519023E0,1.194229244E1,-2.640480967E0
5.317178413E1,-6.940126331E0,4.394188995E0,-1.389592086E1
5.319168213E1,-3.447679147E0,-8.096609108E0,-2.502017438E0
5.321158113E1,-7.683568811E-1,-1.376038357E1,5.370398020E0
5.323147913E1,5.574706167E-2,-6.288038410E0,1.343632854E0
5.325137812E1,8.488147147E-1,2.118079026E0,-8.576256208E0
5.327127612E1,1.329170936E0,8.393821911E0,-9.049493591E0
5.329117412E1,2.291357169E0,7.306230444E0,-5.127740909E0
5.331107313E1,2.178108881E0,-7.214335603E-1,-1.550011062E0
5.333097113E1,4.326011337E-1,-4.537341698E0,-1.551677079E-1
5.335086913E1,-1.493983334E0,-4.443926581E0,-1.510745839E-1
5.337076813E1,-1.999487991E0,-2.933850394E0,-1.767566879E-1
5.339066613E1,-2.599255465E-1,-1.733936838E0,-2.375937143E0
5.341056413E1,8.238295622E-1,2.601028633E-1,-2.066086754E0
5.343046313E1,1.458797421E0,1.079801221E0,-1.436461715E-1
5.345036113E1,1.529218070E0,1.357279086E-1,2.330052288E0
5.347026013E1,1.126224605E0,-1.211150150E0,2.988907192E0
5.349015813E1,8.025247934E-1,-1.390221714E0,7.163786423E-1
5.351005613E1,1.752305866E0,-1.267962867E0,-3.319932103E-2
5.352995513E1,2.139847186E0,-9.576675045E-1,1.683783661E0
5.354985313E1,2.416208379E-1,4.323858100E-1,2.352448439E0
5.356975113E1,-6.171725889E-1,8.870927811E-1,2.631118405E0
5.358965013E1,-8.675382301E-1,6.594296855E-1,1.893405612E0
5.360954813E1,4.555605184E-1,1.386370738E0,1.495676980E0
5.362944713E1,2.368918730E0,1.947305245E0,3.364477946E0
5.364934513E1,2.891848090E0,1.953087557E0,2.110075503E0
5.366924313E1,1.984722163E0,3.949578411E0,8.268851709E-1
5.368914213E1,7.569621196E-1,5.720849136E0,4.067426119E0
5.370904013E1,7.075265425E-1,8.149368535E0,3.028806252E0
5.372893813E1,4.302320758E0,4.715669496E0,4.329864652E-1
5.374883713E1,2.847487603E0,1.843414841E0,-1.539227773E0
5.376873513E1,1.127606302E-1,3.193755037E-1,-4.329238708E0
5.378863313E1,-1.434054343E0,-2.183133978E-1,-6.149038399E0
5.380853213E1,-5.796727284E0,3.421481282E0,-5.007606356E0
5.382843013E1,-7.566499953E0,6.124361980E0,2.129486943E0
5.384832913E1,-5.770365697E0,4.689529518E0,5.092181067E0
5.386822712E1,-2.202036272E0,1.883159536E0,1.306219299E0
5.388812512E1,3.860536426E-2,6.335282743E-1,-6.412579426E0
5.390802413E1,9.563188443E-1,-4.856346488E-1,-7.399920380E0
5.392792213E1,1.861946714E0,-1.481280988E0,-6.619818197E0
5.394782013E1,5.061811799E-1,-1.793614690E0,-5.301013790E0
5.396771913E1,-1.411620477E0,-2.541970586E0,-4.063375753E0
5.398761713E1,-1.892678218E0,-3.420427029E0,-5.013112679E0
5.400751513E1,-1.185245523E0,-4.978341626E0,-5.097143015E0
5.402741363E1,-8.626510542E-1,-6.324435573E0,-2.674241328E0
5.404731163E1,-4.767116515E-1,-6.264459513E0,-9.841942754E-1
5.406721063E1,-3.291964871E-1,-5.553446860E0,-6.592788273E-1
5.408710863E1,-2.263791932E-1,-4.737182572E0,1.957495773E-1
5.410700663E1,-1.350763826E-1,-4.175814201E0,1.533915577E0
5.412690563E1,-1.213953598E-1,-2.781513469E0,3.755595278E0
5.414680363E1,4.712585382E-1,-4.489305067E-1,6.715241248E0
5.416670163E1,2.070621123E0,2.658986235E0,5.106450613E0
5.418660063E1,1.373562558E0,7.488148432E0,2.570284266E0
5.420649863E1,-1.371692180E0,7.669388144E0,1.544326252E0
5.422639663E1,-2.221960659E0,1.862928754E0,4.129014257E0
5.424629563E1,-2.940076801E0,-2.480920976E-1,7.341760465E0
5.426619363E1,-3.139064859E0,7.792578453E0,4.158399439E0
5.428609263E1,-6.433706585E0,1.108715235E1,-1.053151951E1
5.430599063E1,-3.991988266E0,-4.390295334E0,-9.500482902E0
5.432588863E1,-1.845208182E0,-1.301086057E1,3.842249259E0
5.434578763E1,3.471756519E-1,-1.030914406E1,4.413327516E0
5.436568563E1,9.266863248E-1,-1.436843319E0,-6.491694592E0
5.438558362E1,1.041139797E0,6.623003175E0,-9.055593406E0
5.440548263E1,1.064363403E0,1.071761066E1,-7.908212405E0
5.442538063E1,1.546443821E0,2.693481883E0,-1.783204892E0
5.444527863E1,7.294586445E-1,-3.489765067E0,-4.197438374E-2
5.446517763E1,-8.766825445E-1,-4.849874790E0,-6.593802765E-2
5.448507563E1,-1.665651007E0,-3.274502161E0,3.769383451E-1
5.450497463E1,-8.080031960E-1,-1.812852030E0,-8.353612947E-1
5.452487263E1,7.289093716E-1,-8.183628541E-1,-3.074099370E0
5.454477063E1,1.537706766E0,2.771170914E-2,-2.182723503E0
5.456466963E1,2.069349938E0,-4.867280781E-2,7.186765981E-1
5.458456763E1,1.413329618E0,-6.015814269E-1,2.367865062E0
5.460446563E1,8.355032359E-1,-1.331295814E0,1.625570390E0
5.462436462E1,9.713972054E-1,-1.494037274E0,-5.204652699E-1
5.464426263E1,1.845731216E0,-1.573092799E0,-1.289427996E-2
5.466416063E1,1.154452624E0,-6.342591763E-1,2.072713988E0
5.468405963E1,-6.341872555E-1,6.833588308E-1,2.089909480E0
5.470395763E1,-1.102850799E0,1.161358185E0,2.348047386E0
5.472385663E1,-3.205879238E-1,1.190122978E0,2.217335950E0
5.474375463E1,5.948103511E-1,1.766880636E0,2.931531388E0
5.476365263E1,1.748884660E0,9.409362817E-1,3.567666936E0
5.478355163E1,2.316715227E0,1.609479437E0,1.056669198E0
5.480344963E1,1.371226742E0,4.114351194E0,1.961268689E0
5.482334763E1,1.231733811E0,5.711794138E0,4.595036759E0
5.484324663E1,2.383685581E0,7.525281175E0,2.500502132E0
5.486314463E1,5.257417535E0,4.614087573E0,-1.326405787E-1
5.488304363E1,2.629962703E0,1.899406024E0,-2.088267581E0
5.490294163E1,-1.300932392E0,4.540772259E-1,-3.606529870E0
5.492283963E1,-2.698847873E0,1.951408821E-1,-5.614721003E0
5.494273863E1,-6.223263540E0,3.484811305E0,-4.367528030E0
5.496263663E1,-7.454567288E0,6.998364015E0,3.071811354E0
5.498253463E1,-4.982564485E0,5.571796592E0,5.155271355E0
5.500243363E1,-1.756320564E0,2.427978532E0,3.849214755E-1
5.502233146E1,-2.841171587E-1,7.581874037E-1,-7.023293034E0
5.504222946E1,1.045670512E0,-1.421075132E0,-7.712957502E0
5.506212846E1,1.793372616E0,-2.614995292E0,-6.558440559E0
5.508202646E1,2.921684823E-1,-3.166447955E0,-5.101676946E0
5.510192546E1,-1.724397106E0,-3.380945460E0,-3.259785889E0
5.512182346E1,-2.041472022E0,-3.844237897E0,-4.478331013E0
5.514172146E1,-1.721406401E0,-4.510752069E0,-4.874050688E0
5.516162046E1,-7.627537867E-1,-5.322476580E0,-2.794874942E0
5.518151846E1,-2.572196013E-1,-5.723795548E0,-1.345487591E0
5.520141646E1,-3.428326325E-1,-5.356958780E0,-5.617911243E-1
5.522131546E1,-4.962204480E-1,-4.981225473E0,4.088560295E-1
5.524121346E1,-3.524337606E-1,-4.135390645E0,1.588189725E0
5.526111146E1,1.820729399E-1,-2.830834149E0,4.899783699E0
5.528101046E1,1.578273432E0,-1.472163425E0,7.694373296E0
5.530090846E1,2.643963276E0,2.015009571E0,5.980756702E0
5.532080746E1,8.939023022E-1,7.834221738E0,2.764236993E0
5.534070546E1,-2.142646687E0,8.660202929E0,-2.823585355E-1
5.536060346E1,-2.162623845E0,2.113625202E0,2.650367439E0
5.538050246E1,-3.650648282E0,-7.958972669E-1,7.258651065E0
5.540040046E1,-5.451997084E0,6.529550636E0,2.985978906E0
5.542029846E1,-7.696568341E0,1.025542335E1,-8.722253582E0
5.544019746E1,-3.568749840E0,-3.246197544E0,-7.151155268E0
5.546009546E1,5.893673243E-1,-1.307894672E1,1.608223748E0
5.547999446E1,1.129497000E0,-9.131292629E0,3.725808976E0
5.549989246E1,1.183560063E0,-7.680832314E-1,-6.243245814E0
5.551979046E1,1.632507381E0,8.308080094E0,-7.647135980E0
5.553968946E1,1.439835047E0,9.818630490E0,-6.614861512E0
5.555958746E1,2.082002582E0,1.777035495E0,-2.372772630E0
5.557948546E1,1.424348842E0,-4.056640930E0,-4.078662421E-1
5.559938446E1,-8.941173336E-1,-5.551684510E0,7.172487080E-2
5.561928246E1,-2.413801080E0,-3.806463715E0,4.145266593E-1
5.563918146E1,-2.327527314E0,-1.735522018E0,-7.173334926E-1
5.565907946E1,-3.831022605E-3,-7.488336128E-1,-2.682148225E0
5.567897746E1,1.659361742E0,4.163919210E-2,-1.711515105E0
5.569887646E1,1.668391743E0,-7.709144533E-2,7.170499027E-1
5.571877446E1,1.429180689E0,-6.103510809E-1,1.669439710E0
5.573867246E1,1.069860663E0,-1.309558790E0,1.405149071E0
5.575857146E1,6.973219818E-1,-1.911473508E0,2.500082302E-1
5.577846946E1,6.847278102E-1,-1.698440146E0,-1.634833257E-1
5.579836846E1,8.541944455E-1,-3.518217033E-1,2.063821688E0
5.581826646E1,6.382221267E-2,1.126707585E0,3.554042631E0
5.583816446E1,2.789883466E-1,1.407583267E0,1.851368955E0
5.585806346E1,2.866180860E-1,1.534470770E0,1.335295602E0
5.587796146E1,3.491473331E-1,1.853480823E0,3.842979869E0
5.589785946E1,2.330125962E0,9.761932379E-1,4.116947358E0
5.591775846E1,2.036385529E0,3.159697344E0,1.783674424E0
5.593765646E1,1.531393673E0,5.604834530E0,2.976568397E0
5.595755546E1,1.938501093E0,7.405882201E0,4.009160369E0
5.597745346E1,5.179522097E0,5.508866519E0,2.841838901E-1
5.599735146E1,3.958911152E0,2.494036866E0,-2.283251173E0
5.601725046E1,-3.325963506E-1,2.650952160E-1,-5.276746091E0
5.603714808E1,-2.647855767E0,6.719795644E-2,-6.400113162E0
5.605704608E1,-7.042768940E0,4.504304345E0,-4.587036599E0
5.607694508E1,-8.356382189E0,7.528638062E0,2.829775802E0
5.609684308E1,-5.999049132E0,5.578028555E0,5.124585752E0
5.611674208E1,-2.968769966E0,2.368018844E0,1.808677703E0
5.613664008E1,-5.970392366E-1,1.191945555E0,-6.301678795E0
5.615653808E1,8.501657870E-1,9.664628863E-2,-7.545211995E0
5.617643708E1,2.037376340E0,-1.595119261E0,-7.362185959E0
5.619633508E1,1.372424252E0,-3.030583806E0,-5.874420408E0
5.621623308E1,-6.205208507E-1,-3.727179564E0,-4.702417367E0
5.623613208E1,-2.080777298E0,-3.916315355E0,-4.439166362E0
5.625603008E1,-1.429393089E0,-4.517770482E0,-5.876930033E0
5.627592908E1,-1.109109513E0,-5.769599712E0,-3.437975693E0
5.629582708E1,-7.836238150E-1,-5.988408954E0,-5.703330293E-1
5.631572508E1,-6.841894278E-1,-5.271252632E0,2.361281097E-2
5.633562408E1,-7.546403365E-1,-4.287507130E0,4.590403426E-1
5.635552208E1,-2.780868521E-1,-3.467081963E0,1.236384979E0
5.637542008E1,1.172212518E-1,-2.513860096E0,3.116004902E0
5.639531908E1,1.831342095E-1,-1.883854769E0,5.374812083E0
5.641521708E1,1.276450978E0,-9.496462941E-2,4.542790718E0
5.643511608E1,2.051180008E0,4.192160093E0,3.184354176E0
5.645501408E1,6.668563803E-1,7.633712527E0,2.378085410E0
5.647491208E1,-1.212266530E0,4.332371646E0,2.268094606E0
5.649481108E1,-2.941933000E0,-2.855148625E-1,5.506011323E0
5.651470908E1,-3.457410668E0,7.217925793E-1,6.606505841E0
5.653460708E1,-3.549080392E0,8.242226998E0,5.075789568E-1
5.655450608E1,-5.655704137E0,8.596751284E0,-1.069823650E1
5.657440408E1,-3.113275422E0,-3.868547696E0,-4.558925525E0
5.659430308E1,-3.973183036E-1,-1.313643538E1,3.382216644E0
5.661420108E1,-3.278103315E-1,-9.311107959E0,1.729910738E0
5.663409908E1,1.018938431E0,-3.264740235E-1,-5.776332196E0
5.665399808E1,1.207958886E0,5.839369859E0,-7.719354941E0
5.667389608E1,4.037710715E-1,9.461360351E0,-7.233958858E0
5.669379408E1,1.744220044E0,1.677498343E0,-2.725217646E0
5.671369308E1,5.746365800E-1,-3.851556857E0,-5.648375237E-1
5.673359108E1,-1.023048585E0,-4.218179618E0,5.250593542E-1
5.675349008E1,-2.002533367E0,-2.674348624E0,1.051530519E0
5.677338808E1,-7.060872504E-1,-1.569275152E0,-1.022088034E0
5.679328608E1,8.857438284E-1,-8.113116968E-1,-3.564766717E0
5.681318508E1,1.971779497E0,-3.948180342E-1,-2.674450951E0
5.683308308E1,1.994417139E0,-8.073753512E-1,1.068740044E0
5.685298208E1,1.290687047E0,-7.812622708E-1,2.329648830E0
5.687288008E1,7.211669272E-1,-9.671587050E-1,1.498815619E0
5.689277808E1,2.015500152E-1,-1.015519271E0,3.202800679E-1
5.691267708E1,1.088603035E0,-4.694133031E-1,1.627661355E0
5.693257508E1,1.154280716E0,5.569507992E-1,4.336057731E0
5.695247308E1,3.425084044E-1,4.916607893E-1,2.644747972E0
5.697237208E1,-1.735760584E-2,-1.813929087E-1,4.350119407E-1
5.699227008E1,-4.497393228E-1,1.170733026E0,1.844813788E0
5.701216908E1,4.347056928E-1,2.679887107E0,4.195630415E0
5.703206821E1,2.328044354E0,2.007259086E0,3.888041436E0
5.705196621E1,1.786259478E0,3.023992825E0,1.053399289E0
5.707186521E1,1.003091892E0,4.339338019E0,2.838112178E0
5.709176321E1,9.369052112E-1,6.827847512E0,3.183536735E0
5.711166221E1,4.050939894E0,6.345804808E0,4.141338725E-1
5.713156021E1,3.763803307E0,3.636055970E0,-2.663667516E0
5.715145821E1,6.021018291E-1,1.614271231E0,-4.406382194E0
5.717135721E1,-1.695707011E0,-7.411375076E-1,-5.153810720E0
5.719125521E1,-6.613745863E0,2.933288476E0,-4.449756839E0
5.721115421E1,-8.101548836E0,5.634714972E0,1.000594327E0
5.723105221E1,-5.669785402E0,5.349151577E0,5.178367857E0
5.725095021E1,-1.978939413E0,2.323378276E0,1.846237146E0
5.727084921E1,-1.232017109E-1,1.672406588E0,-7.703662768E0
5.729074721E1,1.559007734E0,1.279937965E-1,-7.259872549E0
5.731064521E1,2.970440515E0,-2.197217581E0,-6.804984899E0
5.733054421E1,1.215292610E0,-3.020112612E0,-4.747176633E0
5.735044221E1,-7.596926232E-1,-2.805265444E0,-3.827659287E0
5.737034121E1,-1.835213244E0,-3.340503777E0,-3.836358774E0
5.739023921E1,-1.781201490E0,-4.442341400E0,-4.262395093E0
5.741013721E1,-1.194003190E0,-5.336129243E0,-2.731898675E0
5.743003621E1,-3.881792517E-1,-5.584979725E0,-1.764965380E0
5.744993421E1,-3.137960905E-1,-5.073085815E0,-1.492785970E0
5.746983221E1,-5.078713176E-1,-4.850907408E0,-1.731921887E-1
5.748973121E1,-1.430465761E-1,-4.423237377E0,9.907487118E-1
5.750962921E1,-8.324198529E-2,-3.561376501E0,2.823554657E0
5.752952821E1,5.361509375E-1,-1.771271310E0,5.733987245E0
5.754942621E1,1.740754984E0,9.832847410E-1,4.986404352E0
5.756932421E1,1.169609630E0,6.214770459E0,3.272614972E0
5.758922321E1,-7.853464048E-1,8.659520559E0,1.756928675E0
5.760912121E1,-1.092564231E0,3.947841203E0,2.806763501E0
5.762902021E1,-1.706150577E0,-1.700406564E0,6.018663032E0
5.764891821E1,-3.077517652E0,1.582224396E0,6.183605969E0
5.766881621E1,-4.218477826E0,1.060092713E1,-2.031185308E-1
5.768871521E1,-4.615639424E0,3.007108989E0,-1.207003305E1
5.770861321E1,-2.569344910E0,-7.621956700E0,-3.729661707E0
5.772851221E1,-9.383290082E-2,-1.128389128E1,3.485381409E0
5.774841021E1,1.767326486E0,-4.731346466E0,2.609816998E-1
5.776830821E1,1.871650607E0,3.340811926E0,-8.506102484E0
5.778820721E1,1.151098076E0,9.107717825E0,-7.655572928E0
5.780810521E1,1.560549937E0,6.670853280E0,-4.303549551E0
5.782800421E1,2.115011869E0,-7.664717388E-1,-1.596454765E0
5.784790221E1,3.670227098E-1,-4.263761587E0,-3.864378047E-1
5.786780021E1,-1.748518332E0,-4.216810784E0,-4.793898225E-1
5.788769921E1,-2.237743025E0,-2.828060814E0,-2.059483639E-1
5.790759721E1,-4.358366905E-1,-1.828243656E0,-1.576131597E0
5.792749521E1,1.361448882E0,-8.252760172E-1,-2.294301242E0
5.794739421E1,2.197680681E0,1.698814952E-1,-5.616040134E-1
5.796729221E1,2.217153224E0,3.290111303E-1,1.454828185E0
5.798719121E1,1.704189567E0,-1.285907972E-1,2.334234216E0
5.800708921E1,8.763532001E-1,-1.059409642E0,1.973429435E0
5.802698633E1,3.802159287E-1,-1.694687988E0,1.659580866E-1
5.804688533E1,3.171197940E-1,-1.752136297E0,-6.859834997E-1
5.806678333E1,1.415049577E-1,-1.238855428E-1,4.070305288E-1
5.808668233E1,-1.568366495E-1,1.182901667E0,3.267888376E0
5.810658033E1,-7.952172357E-1,1.044467082E0,3.771316102E0
5.812647833E1,-8.565198831E-1,3.065046126E-1,2.567411821E0
5.814637733E1,1.069641977E0,2.276356137E-1,3.011711333E0
5.816627533E1,4.403483144E0,1.316136907E0,2.164382396E0
5.818617433E1,4.589729826E0,4.292355056E0,-2.067669010E-1
5.820607233E1,2.407594115E0,5.497939827E0,2.286191592E0
5.822597033E1,1.065062584E0,6.298990830E0,4.409200552E0
5.824586933E1,3.702442918E0,6.508785419E0,1.451026618E0
5.826576733E1,3.430604985E0,4.205442628E0,-1.295960651E0
5.828566533E1,-8.630940539E-1,1.446225176E0,-2.304179528E0
5.830556433E1,-3.258146037E0,-6.147119343E-1,-3.195035577E0
5.832546233E1,-3.786755382E0,1.059527171E-1,-5.043387222E0
5.834536133E1,-5.501205497E0,3.880913973E0,-1.887087110E0
5.836525933E1,-4.593783701E0,6.484183259E0,3.778977123E0
5.838515733E1,-2.026295282E0,4.449570898E0,3.337197762E0
5.840505633E1,-1.734126288E-1,2.560998595E0,-3.076014333E0
5.842495433E1,1.671050180E-1,8.076314592E-1,-7.112032717E0
5.844485333E1,1.165589596E0,-1.507282972E0,-6.467386547E0
5.846475133E1,7.437098439E-1,-2.422538867E0,-4.663295108E0
5.848464933E1,-8.881718847E-1,-2.830736500E0,-3.645868767E0
5.850454833E1,-1.868786787E0,-2.649084560E0,-3.796525787E0
5.852444633E1,-1.847040992E0,-2.925913383E0,-4.861735282E0
5.854434533E1,-9.358416027E-1,-4.403543370E0,-4.610536559E0
5.856424333E1,-2.478934385E-1,-5.710021262E0,-2.875097571E0
5.858414133E1,3.663032100E-2,-6.095394874E0,-1.442108444E0
5.860404033E1,-5.469649243E-1,-5.609926286E0,-7.882736671E-1
5.862393833E1,-6.316210587E-1,-5.467671130E0,1.120940477E-2
5.864383733E1,-4.362506734E-1,-4.603084867E0,1.140463745E0
5.866373533E1,-8.300078765E-2,-2.108882525E0,4.691812271E0
5.868363333E1,1.886650908E0,5.794824600E-1,7.303822560E0
5.870353233E1,1.901897377E0,4.917368615E0,5.383603957E0
5.872343033E1,-1.808289447E-1,8.705765018E0,2.096784636E0
5.874332933E1,-1.659318911E0,5.815999122E0,2.731066909E0
5.876322733E1,-1.419541846E0,2.067090136E-1,5.364432106E0
5.878312533E1,-2.416514627E0,5.515614206E-1,6.177000954E0
5.880302433E1,-3.320916190E0,8.820328345E0,1.412867396E0
5.882292233E1,-5.600552030E0,4.998528553E0,-1.228964511E1
5.884282133E1,-3.682929005E0,-6.783427384E0,-5.244118627E0
5.886271933E1,-1.981537769E0,-1.078453906E1,4.303030903E0
5.888261733E1,-2.493046640E-1,-4.933699304E0,1.832427046E0
5.890251633E1,1.162338763E-1,2.282451274E0,-8.565346473E0
5.892241433E1,1.068834549E0,7.210775233E0,-7.684873910E0
5.894231233E1,2.933687841E0,6.280133559E0,-4.960822198E0
5.896221133E1,2.753457359E0,-6.217829722E-1,-1.987336599E0
5.898210933E1,9.251421482E-1,-4.392953478E0,-4.618869133E-1
5.900200833E1,-1.242198427E0,-4.343829850E0,-4.568955108E-1
5.902190633E1,-2.375828239E0,-2.561838255E0,-1.184751872E-1
5.904180458E1,-7.522510180E-1,-1.545261807E0,-1.751752135E0
5.906170358E1,8.140759680E-1,-6.170174915E-1,-2.470142219E0
5.908160158E1,1.311400078E0,2.233028269E-1,-2.640836477E-2
5.910150058E1,1.400076027E0,1.740318489E-1,1.781830212E0
5.912139858E1,1.183098133E0,-8.746668631E-1,2.344062216E0
5.914129658E1,7.794037333E-1,-1.439490938E0,3.900984541E-1
5.916119558E1,1.395200472E0,-9.253253853E-1,-5.456140713E-1
5.918109358E1,2.331897669E0,-6.312618935E-1,2.370180559E0
5.920099258E1,4.439654897E-1,2.299458486E-1,3.259024874E0
5.922089058E1,-6.463016631E-1,8.185464567E-1,1.802641768E0
5.924078858E1,-7.447538643E-1,8.363202381E-1,1.935535677E0
5.926068758E1,1.173189734E-1,1.634823609E0,1.258048036E0
5.928058558E1,1.375836541E0,2.337231499E0,3.121597764E0
5.930048458E1,2.412429031E0,1.168582420E0,3.102985492E0
5.932038258E1,1.555798197E0,2.507845066E0,1.089596185E0
5.934028058E1,8.453635418E-1,4.429206215E0,3.046613071E0
5.936017958E1,7.618825516E-1,7.448039457E0,3.864785306E0
5.938007758E1,4.248260034E0,6.201963887E0,1.616406634E0
5.939997658E1,3.647026516E0,2.931251307E0,-9.615700825E-1
5.941987458E1,4.211078466E-1,1.366286137E0,-4.779945599E0
5.943977258E1,-1.093716425E0,-1.778641140E-1,-6.043307877E0
5.945967158E1,-5.533718355E0,2.863479738E0,-5.679933829E0
5.947956958E1,-7.983039808E0,6.185315110E0,8.066660108E-1
5.949946758E1,-6.167699203E0,4.868412802E0,5.757281383E0
5.951936658E1,-2.806853548E0,1.811219487E0,2.706746292E0
5.953926458E1,-2.737191282E-2,6.389749557E-1,-6.736116393E0
5.955916358E1,1.289571545E0,-1.012576368E0,-7.413823305E0
5.957906158E1,2.278979198E0,-1.587742998E0,-5.829977476E0
5.959895958E1,1.092685854E0,-2.294944435E0,-4.080523882E0
5.961885858E1,-1.162776428E0,-2.857612642E0,-4.056184847E0
5.963875658E1,-1.432526904E0,-3.345769195E0,-4.549434909E0
5.965865558E1,-9.641620070E-1,-4.646944832E0,-5.208738295E0
5.967855358E1,-8.264508690E-1,-5.906146231E0,-3.449818059E0
5.969845158E1,-3.668823767E-1,-6.383647403E0,-1.534509947E0
5.971835058E1,-2.887966123E-1,-5.348258708E0,-2.969771594E-1
5.973824858E1,-2.543787315E-1,-4.047932671E0,7.236350369E-1
5.975814758E1,4.792334095E-2,-2.528931295E0,1.534026967E0
5.977804558E1,5.505014665E-1,-1.115979699E0,3.586942282E0
5.979794358E1,7.968113329E-1,-6.322565049E-1,5.618261492E0
5.981784258E1,1.274461170E0,8.754755330E-1,5.044629756E0
5.983774058E1,9.636590002E-1,5.303559667E0,3.833638942E0
5.985763958E1,-1.019075548E0,6.983861750E0,2.542582789E0
5.987753758E1,-1.843661448E0,2.522439716E0,3.412934699E0
5.989743558E1,-2.927072886E0,-2.134295694E0,4.720757743E0
5.991733458E1,-4.927970202E0,3.143613993E0,2.002961091E0
5.993723258E1,-5.740951279E0,1.267833293E1,-2.067104169E0
5.995713158E1,-3.225874085E0,9.108172739E-1,-8.759637170E0
5.997702958E1,-5.039232776E-1,-1.116510626E1,6.065784574E-1
5.999692758E1,6.677781938E-1,-1.096871466E1,2.776474046E0
6.001682658E1,1.746650439E0,-2.908653572E0,-3.957947531E0
6.003672471E1,1.623625460E0,6.242498540E0,-8.912445381E0
6.005662371E1,1.341136239E0,1.006076603E1,-6.543804978E0
6.007652171E1,1.955708718E0,4.578565738E0,-3.307694173E0
6.009641971E1,1.435925160E0,-1.530377719E0,-1.067046982E0
6.011631871E1,-3.382140630E-1,-4.406127840E0,-2.677855200E-1
6.013621671E1,-2.054652085E0,-4.500008980E0,-6.465267809E-1
6.015611571E1,-1.983176744E0,-2.712194728E0,-5.393576968E-1
6.017601371E1,-5.489336818E-2,-1.703669311E0,-1.824780934E0
6.019591171E1,1.571239378E0,-6.628678483E-1,-2.615756600E0
6.021581071E1,2.177687881E0,4.946089554E-1,-1.018140578E0
6.023570871E1,2.063309472E0,7.751934457E-1,1.076070113E0
6.025560771E1,1.455779088E0,-1.446665472E-1,2.152140226E0
6.027550571E1,1.186415697E0,-1.451733838E0,9.495643600E-1
6.029540371E1,7.317968729E-1,-1.647808521E0,-1.019774290E0
6.031530271E1,1.165010356E0,-1.358090095E0,-6.174949166E-1
6.033520071E1,1.235924364E0,-2.881466943E-1,2.553421773E0
6.035509971E1,-2.068376523E-1,4.697594583E-1,3.508074453E0
6.037499771E1,-5.370345980E-1,5.058291775E-1,1.775637280E0
6.039489571E1,-1.117530527E0,6.222460717E-1,1.017315098E0
6.041479471E1,-6.748213112E-1,1.456350800E0,2.913819587E0
6.043469271E1,1.684577859E0,1.609740808E0,4.243889240E0
6.045459171E1,4.003914832E0,1.962671143E0,2.135693324E0
6.047448971E1,3.396711307E0,4.120905338E0,-1.745579521E-1
6.049438771E1,2.261703453E0,5.471464804E0,3.164494985E0
6.051428671E1,1.807136377E0,7.891402245E0,3.429857419E0
6.053418471E1,4.702849768E0,6.120623270E0,7.955019951E-1
6.055408371E1,3.423329879E0,3.016078033E0,-2.003223338E0
6.057398171E1,-6.772715870E-1,8.870787477E-1,-2.565581642E0
6.059387971E1,-2.080249587E0,-6.688594902E-1,-3.990916471E0
6.061377871E1,-4.668250331E0,2.168360987E0,-4.742726902E0
6.063367671E1,-5.764147768E0,4.891929719E0,-6.672398114E-1
6.065357571E1,-4.256193244E0,4.738814530E0,2.858497910E0
6.067347371E1,-1.815909539E0,2.546132634E0,1.443085806E0
6.069337171E1,1.963348836E-2,1.595272458E0,-6.606277800E0
6.071327071E1,7.416948934E-1,-1.334235209E-1,-7.222345119E0
6.073316871E1,1.761897346E0,-1.537166337E0,-5.917778682E0
6.075306771E1,1.057394983E0,-2.360298765E0,-3.447452860E0
6.077296571E1,-9.151265256E-2,-2.507492478E0,-2.486672590E0
6.079286371E1,-1.190856219E0,-2.261034093E0,-3.991425179E0
6.081276271E1,-1.231373184E0,-2.777514558E0,-4.489742731E0
6.083266071E1,-1.419354882E0,-4.089887613E0,-3.442662821E0
6.085255971E1,-1.017647366E0,-5.080800047E0,-2.570956403E0
6.087245771E1,-8.108114675E-1,-5.171886803E0,-1.496139348E0
6.089235671E1,-5.117154233E-1,-5.124309179E0,-6.816888660E-2
6.091225471E1,6.027229495E-2,-4.661710805E0,1.038320197E0
6.093215271E1,6.496813537E-1,-4.254153442E0,1.038119929E0
6.095205171E1,-2.268965256E-1,-2.548889011E0,2.046949986E0
6.097194971E1,-8.995441344E-1,1.860993326E-1,3.417122183E0
6.099184871E1,5.173306507E-1,3.382427144E0,3.679585567E0
6.101174671E1,1.372655217E0,6.845789108E0,3.618769262E0
6.103164487E1,6.296729127E-1,5.463389214E0,5.657102791E0
6.105154388E1,-4.232697085E-2,2.894137859E-2,3.988571446E0
6.107144188E1,-2.044758157E-1,-2.218735335E0,6.542840188E0
6.109134088E1,-6.338451934E-1,5.643515031E0,6.096360249E0
6.111123888E1,-3.143418696E0,1.267418842E1,-5.320664527E0
6.113113688E1,-2.452568120E0,-3.364253998E-2,-1.304743023E1
6.115103588E1,-5.279941009E0,-9.419891898E0,-1.268918887E0
6.117093388E1,-2.569121547E0,-1.156961898E1,6.235232205E0
6.119083288E1,-1.486956442E0,-2.902725665E0,-2.638722416E0
6.121073088E1,-4.372218959E-2,4.246525750E0,-8.814215666E0
6.123062987E1,1.055146437E0,8.727024325E0,-5.876866883E0
6.125052787E1,3.157388864E0,5.407806167E0,-4.233564227E0
6.127042588E1,2.890079307E0,-1.340878231E0,-1.754693430E0
6.129032488E1,1.094397041E-1,-4.677294220E0,-7.750367403E-1
6.131022288E1,-2.192209733E0,-3.655178704E0,-6.142032266E-2
6.133012188E1,-2.183399149E0,-2.052540509E0,-1.625006280E-1
6.135001988E1,-2.422966298E-1,-1.488291800E0,-1.607390227E0
6.136991788E1,8.042170507E-1,-7.469736135E-1,-2.464510181E0
6.138981688E1,9.824497586E-1,-2.176134861E-1,-6.708346796E-1
6.140971488E1,9.151291569E-1,1.115835857E-1,1.778763932E0
6.142961388E1,1.049223061E0,-4.975331479E-1,2.214272740E0
6.144951188E1,1.040684811E0,-1.487385482E0,3.784247804E-1
6.146940988E1,8.774755731E-1,-1.513619599E0,-1.139722903E0
6.148930888E1,1.401687227E0,-5.573109877E-1,-3.797883511E-2
6.150920688E1,1.160901372E0,5.827247411E-1,3.570910971E0
6.152910588E1,2.023024057E-1,3.631214476E-1,3.568449001E0
6.154900388E1,6.838008803E-1,9.296722054E-2,1.281468766E0
6.156890288E1,-2.179647575E-1,2.064303353E0,2.343862534E0
6.158880088E1,6.018541995E-1,2.392617495E0,4.717825949E0
6.160869888E1,2.639959980E0,1.216164722E0,4.523414507E0
6.162859788E1,2.569304565E0,2.892021167E0,1.819342732E0
6.164849588E1,2.150210938E0,5.319058882E0,1.753953319E0
6.166839488E1,2.375759680E0,7.894174994E0,2.871054221E0
6.168829288E1,5.162081022E0,5.791902747E0,9.438436635E-1
6.170819088E1,3.171973574E0,2.426329617E0,-2.805608675E0
6.172808988E1,-1.219423083E0,1.813701046E-1,-4.246182518E0
6.174798788E1,-3.471947431E0,-2.268649507E-1,-5.470767231E0
6.176788688E1,-7.078034667E0,2.733220146E0,-4.590357817E0
6.178778488E1,-8.011970077E0,6.295483085E0,2.849075707E0
6.180768388E1,-5.158183268E0,5.666829050E0,5.850583649E0
6.182758188E1,-1.873054670E0,2.714817204E0,1.853292397E0
6.184747988E1,3.650437197E-1,1.296704271E0,-7.111818125E0
6.186737888E1,1.479337959E0,-2.622651637E-1,-7.999194496E0
6.188727688E1,2.180307726E0,-1.801244137E0,-7.070988772E0
6.190717588E1,9.464692095E-1,-2.872828851E0,-4.253602635E0
6.192707388E1,-1.016635724E0,-2.947227654E0,-2.467484367E0
6.194697288E1,-2.007496191E0,-2.900048810E0,-3.706937672E0
6.196687088E1,-1.547104703E0,-4.177180696E0,-5.298781323E0
6.198676888E1,-1.321632121E0,-5.809905154E0,-3.363509355E0
6.200666788E1,-6.339653537E-1,-6.177280451E0,-1.396892218E0
6.202656588E1,-2.605226934E-3,-5.397681713E0,-6.614534068E-1
6.204646496E1,-4.998917685E-1,-4.276461740E0,-1.953964055E-2
6.206636296E1,-3.993456794E-1,-3.374114158E0,1.009790462E0
6.208626196E1,-2.998931658E-1,-2.520300804E0,2.502888381E0
6.210615996E1,-1.702172716E-1,-2.051069934E0,5.265522360E0
6.212605796E1,1.260173499E0,-8.768139607E-1,5.020260315E0
6.214595696E1,1.733895030E0,3.802455449E0,3.311755357E0
6.216585496E1,4.372968864E-1,8.275199447E0,3.108605543E0
6.218575396E1,-1.469458649E0,5.433291841E0,4.515205894E0
6.220565196E1,-8.754511209E-1,-1.506375484E0,6.733722543E0
6.222555096E1,-2.629788748E0,-6.428773874E-1,4.237801411E0
6.224544896E1,-5.365022675E0,9.581286160E0,-1.917023100E0
6.226534696E1,-6.079327310E0,8.673789520E0,-1.206614348E1
6.228524596E1,-1.991242832E0,-4.649230508E0,-1.347551366E0
6.230514396E1,-6.413921946E-1,-1.290979613E1,2.726719211E0
6.232504296E1,-1.611587651E-1,-7.666835250E0,1.213204277E0
6.234494096E1,5.817505950E-1,1.002081785E0,-8.199204939E0
6.236483996E1,1.367544750E0,8.162710127E0,-7.167674237E0
6.238473796E1,2.203435803E0,9.248188995E0,-5.851761278E0
6.240463596E1,1.968020176E0,7.640802276E-1,-1.715451450E0
6.242453496E1,1.959323759E-1,-3.442857533E0,-1.472979404E-1
6.244443296E1,-1.544533244E0,-4.724980602E0,1.397613180E-1
6.246433196E1,-1.911116828E0,-3.323525217E0,4.430914041E-1
6.248422996E1,-1.034849801E0,-2.090100684E0,-9.581218332E-1
6.250412896E1,6.954619825E-1,-1.134221842E0,-2.471363118E0
6.252402696E1,1.708177222E0,-9.032194018E-2,-1.909967265E0
6.254392496E1,1.694479827E0,6.544630605E-1,4.479002273E-1
6.256382396E1,1.635397367E0,1.363529760E-1,1.690785556E0
6.258372196E1,1.308828472E0,-1.635298988E0,1.472408423E0
6.260362096E1,8.655200636E-1,-2.276759595E0,-6.033227277E-1
6.262351896E1,7.655848624E-1,-1.279504101E0,-8.297750111E-1
6.264341796E1,4.458133560E-1,4.242915094E-1,3.580027950E0
6.266331596E1,-5.736866999E-1,7.967725950E-1,4.991201992E0
6.268321396E1,1.980469483E-1,1.777436614E-1,1.809851239E0
6.270311296E1,1.049380205E0,7.718406522E-1,4.330658412E-1
6.272301096E1,1.435702235E0,2.090174358E0,2.413457410E0
6.274290996E1,2.839762554E0,1.421364570E0,4.445484864E0
6.276280796E1,2.662338443E0,2.074159420E0,2.160668975E0
6.278270696E1,1.158924136E0,4.134305402E0,1.527151811E0
6.280260496E1,5.283587918E-1,6.068653802E0,2.694315112E0
6.282250296E1,2.381624437E0,7.331652968E0,2.420116073E0
6.284240196E1,3.626815323E0,4.742621652E0,-3.204332650E-1
6.286229996E1,3.613304454E-1,1.844280814E0,-2.662873464E0
6.288219896E1,-2.657674412E0,-8.607370412E-1,-3.842580796E0
6.290209696E1,-5.306669217E0,9.017657840E-1,-5.216322134E0
6.292199596E1,-6.210728863E0,3.788109305E0,-3.461644052E0
6.294189396E1,-4.985678712E0,6.386888514E0,3.239605978E0
6.296179296E1,-2.151281855E0,4.373327883E0,3.726791893E0
6.298169096E1,-2.379843083E-1,2.691745845E0,-2.634641937E0
6.300158896E1,4.802449778E-1,1.155182941E0,-6.701380423E0
6.302148796E1,1.584842779E0,-1.222626480E0,-7.141461169E0
6.304138558E1,1.623043370E0,-2.892144544E0,-4.760848300E0
6.306128458E1,-5.810990690E-1,-3.528066083E0,-4.209533047E0
6.308118258E1,-2.370881933E0,-3.623064042E0,-3.586755464E0
6.310108158E1,-1.498661252E0,-3.843277200E0,-4.033933560E0
6.312097958E1,-7.604216248E-1,-4.658127047E0,-3.787974819E0
6.314087758E1,-1.117566633E-1,-5.047350465E0,-2.231115645E0
6.316077658E1,-2.086403489E-2,-4.706848971E0,-1.641509315E0
6.318067458E1,-4.824718899E-1,-4.096167523E0,-7.560227644E-1
6.320057358E1,-2.347157148E-1,-4.542585481E0,5.304658359E-1
6.322047158E1,3.854155652E-1,-4.073854548E0,1.580043384E0
6.324037058E1,4.027889585E-1,-2.937940521E0,3.889338641E0
6.326026858E1,5.818140373E-1,-1.595585284E0,6.171906275E0
6.328016758E1,1.786307717E0,1.254977371E0,5.346267731E0
6.330006558E1,3.885995203E-1,6.972529846E0,3.277337476E0
6.331996358E1,-1.788885170E0,9.190662918E0,1.409719255E0
6.333986258E1,-1.650949499E0,2.481687546E0,3.120968604E0
6.335976058E1,-1.105762567E0,-2.636487903E0,6.147967190E0
6.337965958E1,-2.107567925E0,4.469286540E0,4.773554884E0
6.339955758E1,-4.979509315E0,1.308825783E1,-6.176658307E0
6.341945658E1,-4.196357224E0,3.983918524E-1,-1.260096023E1
6.343935458E1,-2.388814174E0,-1.215060300E1,3.663956544E0
6.345925258E1,4.944775392E-1,-1.292978659E1,5.202625616E0
6.347915158E1,1.833404700E0,-2.600141611E0,-3.816653658E0
6.349904958E1,2.037787984E0,5.318422120E0,-9.016152767E0
6.351894858E1,1.163128503E0,1.116658911E1,-7.962442406E0
6.353884658E1,3.037697529E0,3.603706250E0,-3.419502000E0
6.355874558E1,9.754795852E-1,-3.019359491E0,-1.174797426E0
6.357864358E1,-1.713486932E0,-4.870003830E0,-2.049441777E-1
6.359854258E1,-3.086094640E0,-3.221839798E0,4.681747898E-1
6.361844058E1,-1.228730389E0,-1.915967678E0,3.048293853E-1
6.363833858E1,4.834222086E-1,-1.034002905E0,-1.795881071E0
6.365823758E1,1.837417498E0,-2.727726102E-3,-2.758014679E0
6.367813558E1,1.768501484E0,1.050171626E-1,-1.968547010E-1
6.369803458E1,1.767094205E0,-4.726386273E-1,2.151261975E0
6.371793258E1,1.621997011E0,-1.137558264E0,2.484306514E0
6.373783158E1,1.372598499E0,-1.231496707E0,2.543024254E-1
6.375772958E1,1.351632430E0,-1.222933459E0,-1.275897539E0
6.377762758E1,1.560183609E0,-1.380855060E0,4.912912452E-1
6.379752658E1,-2.288218676E-1,3.399816763E-1,2.881471328E0
6.381742458E1,-8.494323269E-1,1.518209664E0,2.896535218E0
6.383732358E1,-4.973643096E-1,1.043599355E0,2.149054943E0
6.385722158E1,2.590779926E-1,3.109841645E-1,2.474315085E0
6.387712058E1,2.024939751E0,3.332708269E-1,3.390950046E0
6.389701858E1,3.883773261E0,1.155156044E0,1.722590024E0
6.391691758E1,2.675943745E0,4.400860083E0,6.984545875E-1
6.393681558E1,1.114468486E0,5.505676863E0,2.852839852E0
6.395671458E1,1.164663909E0,6.830481098E0,2.437242275E0
6.397661258E1,3.844897463E0,6.646111372E0,1.093543932E0
6.399651058E1,2.588369704E0,3.998140122E0,-1.661038285E0
6.401640958E1,-1.598252783E0,1.032575015E0,-2.000575719E0
6.403630783E1,-3.371562725E0,-7.703589678E-1,-3.246058381E0
6.405620683E1,-4.048140540E0,4.107598829E-1,-5.161022676E0
6.407610483E1,-5.530026423E0,4.090460055E0,-1.366431148E0
6.409600383E1,-3.060366014E0,5.746622493E0,4.081494227E0
6.411590183E1,-2.454956415E-1,3.409069397E0,2.357966895E0
6.413579983E1,7.499400522E-1,2.106767002E0,-4.940993121E0
6.415569883E1,8.079726443E-1,8.360407412E-1,-8.153890772E0
6.417559683E1,1.076086193E0,-1.220824953E0,-6.724864011E0
6.419549583E1,1.351162899E-1,-2.610200576E0,-3.133912293E0
6.421539383E1,-1.212684460E0,-3.370406438E0,-2.096806270E0
6.423529283E1,-2.088761525E0,-3.184362069E0,-3.713645598E0
6.425519083E1,-1.085624098E0,-3.555822231E0,-4.406821027E0
6.427508983E1,-5.483583158E-1,-4.250528169E0,-3.344168227E0
6.429498783E1,-2.991491076E-1,-4.347672055E0,-2.216466030E0
6.431488583E1,-4.421050519E-1,-4.303592820E0,-1.408294289E0
6.433478483E1,-8.989614594E-1,-4.230308497E0,-7.806594229E-1
6.435468283E1,-1.067241622E0,-4.590837874E0,1.791730133E-1
6.437458183E1,3.132835820E-2,-4.660736074E0,7.672798240E-1
6.439447983E1,6.323640937E-1,-3.273326286E0,2.514371728E0
6.441437883E1,-2.864056128E-1,-5.945852333E-1,4.259791620E0
6.443427683E1,-4.234850322E-1,2.214028911E0,5.030517501E0
6.445417583E1,2.518172126E-1,5.422126583E0,4.317845116E0
6.447407383E1,-1.626188149E-1,6.312681500E0,5.415253766E0
6.449397183E1,-2.035249123E-1,1.876051075E0,5.388370022E0
6.451387083E1,1.195727827E0,-2.065213764E0,5.433007666E0
6.453376883E1,-6.654420850E-1,6.351083674E0,2.798542900E0
6.455366783E1,-5.989605879E0,1.387816053E1,-7.276197975E0
6.457356583E1,-3.906462797E0,5.801665843E-2,-9.253374891E0
6.459346483E1,-2.830363448E0,-1.195365358E1,3.207873139E-1
6.461336283E1,-1.815026609E0,-1.159976254E1,5.673580830E0
6.463326183E1,-1.688071278E0,-2.992748228E0,-4.674922881E0
6.465315983E1,-6.551615104E-1,5.540940251E0,-8.952986466E0
6.467305883E1,7.558894479E-1,9.710611367E0,-6.687323132E0
6.469295683E1,3.160094370E0,4.738306407E0,-4.206101901E0
6.471285483E1,2.572559125E0,-1.821410599E0,-1.115181262E0
6.473275383E1,4.231823657E-1,-4.769959139E0,-1.397287197E-1
6.475265183E1,-1.644597230E0,-3.518141019E0,8.509701446E-2
6.477255083E1,-2.021784155E0,-1.748933777E0,-6.316478097E-1
6.479244883E1,-3.365285300E-1,-1.067091129E0,-2.084361641E0
6.481234783E1,1.062195694E0,-5.506217730E-1,-2.249374745E0
6.483224583E1,1.567076307E0,-6.564002430E-1,1.932095468E-1
6.485214483E1,1.585459660E0,-7.204436266E-1,1.385486054E0
6.487204283E1,1.634032335E0,-8.345304054E-1,9.041257934E-1
6.489194083E1,1.228009281E0,-1.075666071E0,5.120677181E-1
6.491183983E1,8.451426633E-1,-8.949485153E-1,3.400905807E-1
6.493173783E1,1.286764150E0,-5.186088520E-1,1.657247242E0
6.495163683E1,-8.994918019E-2,-4.020346677E-1,3.014783460E0
6.497153483E1,-9.612889776E-1,-3.950174242E-1,2.510281600E0
6.499143383E1,-1.170719285E-1,4.462261695E-1,2.090475198E0
6.501133183E1,1.373097559E0,2.251185043E0,2.472068292E0
6.503123083E1,2.559694666E0,2.721586525E0,2.352938582E0
6.505112908E1,2.617390312E0,1.190437558E0,2.482723381E0
6.507102708E1,1.051981339E0,1.873278326E0,1.735949450E0
6.509092608E1,-1.939245151E-1,3.966468678E0,2.872625076E0
6.511082408E1,5.399833488E-1,6.968255532E0,2.681826336E0
6.513072308E1,3.998899383E0,7.293956553E0,1.357735169E0
6.515062108E1,4.155786903E0,4.014703529E0,-1.728106579E-1
6.517052008E1,-6.776513636E-2,1.002913259E0,-1.991730051E0
6.519041808E1,-2.638892863E0,-5.627436358E-1,-3.145666366E0
6.521031708E1,-4.170927683E0,1.355502702E0,-5.273793247E0
6.523021508E1,-5.315762222E0,4.117243227E0,-3.237619679E0
6.525011408E1,-5.144655735E0,5.574038415E0,1.859210510E0
6.527001208E1,-2.384474663E0,3.425287235E0,2.497876732E0
6.528991008E1,-1.121820190E0,2.460790182E0,-1.238933780E0
6.530980908E1,1.632662478E-1,1.540513868E0,-6.650966899E0
6.532970708E1,1.229096425E0,-5.436343503E-1,-6.741229783E0
6.534960608E1,7.900871810E-1,-1.915473003E0,-4.062350736E0
6.536950408E1,-1.532087445E-2,-2.523944204E0,-3.796331660E0
6.538940308E1,-1.096894241E0,-2.851245024E0,-3.471694831E0
6.540930108E1,-1.181102405E0,-3.730863310E0,-4.074180530E0
6.542919908E1,-4.863356569E-1,-4.981958129E0,-4.604339972E0
6.544909808E1,-4.191485178E-1,-5.645542261E0,-2.978645036E0
6.546899608E1,-6.421540868E-1,-5.228016565E0,-1.235462288E0
6.548889508E1,-7.442869641E-1,-4.423184168E0,-1.074913242E0
6.550879308E1,-6.213492550E-1,-4.165012055E0,-2.253274253E-1
6.552869208E1,2.531006764E-1,-4.610161167E0,1.180646103E0
6.554859008E1,-2.744278108E-1,-3.745369667E0,3.446848258E0
6.556848908E1,-3.691642526E-1,-2.071843922E0,6.340556931E0
6.558838708E1,1.829967999E0,9.778918540E-1,4.284943711E0
6.560828608E1,1.101840839E0,7.292556145E0,2.262035136E0
6.562818408E1,-4.907744975E-1,9.614266210E0,3.184665832E0
6.564808208E1,-1.354649593E0,3.181554236E0,4.882868873E0
6.566798108E1,-1.238520674E0,-1.780195330E0,6.430760758E0
6.568787908E1,-3.152314650E0,4.273624671E0,1.990801221E0
6.570777808E1,-6.010350046E0,1.022843845E1,-5.542024909E0
6.572767608E1,-4.881249195E0,-1.123007467E0,-7.081883889E0
6.574757508E1,-7.836863802E-1,-1.167978754E1,8.717166504E-1
6.576747308E1,3.941612457E-1,-1.018010068E1,2.645243231E0
6.578737208E1,8.824585703E-1,-1.815758681E0,-5.316766773E0
6.580727008E1,5.226932783E-1,6.258159723E0,-8.564475238E0
6.582716808E1,6.223880129E-1,1.093510019E1,-7.659340289E0
6.584706708E1,1.670101761E0,3.486456712E0,-2.950256804E0
6.586696508E1,1.013913626E0,-2.810271245E0,2.080550426E-1
6.588686408E1,-6.406192658E-1,-5.243922746E0,2.607410869E-1
6.590676208E1,-1.714417663E0,-4.184996084E0,-1.040501062E-1
6.592666108E1,-1.717921022E0,-2.225774213E0,-6.639712179E-1
6.594655908E1,-1.044998302E-1,-8.348964411E-1,-2.086645564E0
6.596645808E1,1.638687449E0,1.323037791E-1,-2.410147448E0
6.598635608E1,2.055079663E0,4.917765641E-1,-2.564553702E-1
6.600625508E1,1.859123094E0,-1.814040184E-1,1.933276606E0
6.602615308E1,9.497481818E-1,-7.199115300E-1,2.367270985E0
6.604605108E1,9.196418917E-1,-8.445308983E-1,1.232793034E0
6.606595008E1,1.728182739E0,-8.470223969E-1,4.750533812E-1
6.608584808E1,2.431112785E0,-1.180661014E0,1.403733022E0
6.610574708E1,8.900492795E-1,-7.699508321E-1,1.131813667E0
6.612564508E1,-1.155251353E0,2.127111804E-1,1.491918243E0
6.614554408E1,-1.208528551E0,6.000412703E-1,2.725334591E0
6.616544208E1,2.012544385E-1,1.239058911E0,2.407982077E0
6.618534108E1,8.991535404E-1,2.079649370E0,2.993865923E0
6.620523908E1,1.491700434E0,9.962298918E-1,3.126969309E0
6.622513808E1,1.971191560E0,1.358309950E0,1.505809473E0
6.624503608E1,1.599321654E0,3.926256791E0,1.585593854E0
6.626493408E1,1.845569686E0,5.917495092E0,2.906958464E0
6.628483308E1,3.912703530E0,7.474453669E0,2.387228409E0
6.630473108E1,4.571261396E0,4.691026990E0,2.264144227E-2
6.632463008E1,6.810199445E-1,1.250638736E0,-2.095128850E0
6.634452808E1,-2.137591184E0,-9.184847277E-1,-2.950914323E0
6.636442708E1,-3.933589200E0,4.028263807E-1,-5.185306163E0
6.638432508E1,-5.678786606E0,4.787035933E0,-4.036125973E0
6.640422408E1,-5.799567277E0,7.068715959E0,1.696527375E0
6.642412208E1,-2.810694584E0,4.821073160E0,3.200093418E0
6.644402108E1,-1.086611035E0,2.859818797E0,-8.660730641E-1
6.646391908E1,-7.312834874E-2,1.480868175E0,-5.609780105E0
6.648381808E1,1.467671740E0,-9.604981416E-1,-5.604494222E0
6.650371608E1,1.911611795E0,-2.773919690E0,-5.439676416E0
6.652361408E1,-1.027503432E-1,-3.508282614E0,-4.031847273E0
6.654351308E1,-1.213885478E0,-3.090279785E0,-4.552257360E0
6.656341108E1,-1.423796280E0,-2.974506669E0,-4.507448393E0
6.658331008E1,-9.875128627E-1,-3.755539144E0,-4.198786157E0
6.660320808E1,-5.348386762E-1,-4.760128216E0,-3.006411417E0
6.662310708E1,-6.912924792E-1,-5.065167516E0,-8.773118511E-1
6.664300508E1,-2.500181705E-1,-5.047231182E0,-5.775604802E-1
6.666290408E1,-1.382385568E-1,-4.665107453E0,3.047285208E-1
6.668280208E1,3.583897345E-1,-4.740968644E0,1.278368864E0
6.670270108E1,3.351283412E-1,-3.755670122E0,2.683282293E0
6.672259908E1,2.537198234E-1,-2.907486468E0,5.116016657E0
6.674249708E1,8.975457023E-1,-3.623291498E-1,4.709179379E0
6.676239608E1,1.348837899E0,4.503764647E0,2.875061611E0
6.678229408E1,-1.770361483E-1,1.020551736E1,2.155922205E0
6.680219308E1,-1.859567775E0,6.853600988E0,3.110729252E0
6.682209108E1,-8.365706451E-1,-7.384349245E-1,6.768526340E0
6.684199008E1,-1.082829641E0,3.654340214E-1,7.221534694E0
6.686188808E1,-2.784055546E0,9.900327787E0,-2.770374523E0
6.688178708E1,-6.958397711E0,6.312782072E0,-1.207180359E1
6.690168508E1,-2.771179100E0,-8.822038071E0,-4.963958645E-1
6.692158408E1,-6.033411464E-1,-1.318345167E1,3.274797446E0
6.694148208E1,9.887058409E-1,-5.968767571E0,5.624650159E-1
6.696138108E1,1.381921446E0,2.546377632E0,-8.956749734E0
6.698127908E1,6.810664299E-1,9.990505886E0,-8.513970498E0
6.700117708E1,2.019643635E0,7.252417349E0,-4.339962794E0
6.702107608E1,2.101208493E0,-1.230642428E0,-9.170464589E-1
6.704097408E1,3.756730807E-1,-4.808867097E0,-1.796480995E-1
6.706087308E1,-1.299135397E0,-4.364520807E0,-1.100877364E0
6.708077108E1,-1.799686147E0,-2.455251700E0,-6.861608166E-1
6.710067008E1,-4.923883291E-1,-1.457013289E0,-1.699854003E0
6.712056808E1,8.508461836E-1,-4.586357152E-1,-3.071069927E0
6.714046708E1,1.324314238E0,3.715554714E-1,-1.381966031E0
6.716036508E1,1.469740339E0,2.254043162E-1,1.585169638E0
6.718026408E1,1.457027176E0,-2.293266284E-1,2.287472863E0
6.720016208E1,1.218801086E0,-6.766351175E-1,4.057498424E-1
6.722006108E1,7.080912374E-1,-8.016713923E-1,-7.667850034E-1
6.723995908E1,1.090398569E0,-4.524517000E-1,1.486537489E0
6.725985808E1,6.271996866E-1,4.105797887E-2,4.674984277E0
6.727975608E1,-9.113631114E-2,1.224529749E-1,3.661757114E0
6.729965408E1,-1.708280133E-1,-2.952937460E-1,1.245628550E0
6.731955308E1,1.425229579E-1,5.002760768E-2,5.957564306E-1
6.733945108E1,9.501930088E-1,1.333427709E0,1.581706186E0
6.735935008E1,1.859915099E0,1.423512252E0,3.637749324E0
6.737924808E1,2.790831007E0,6.372026646E-1,2.021188031E0
6.739914708E1,1.229216439E0,2.717551362E0,9.139351554E-1
6.741904508E1,1.537545821E-1,4.748439631E0,3.382096484E0
6.743894408E1,1.224989340E0,6.963081915E0,3.741764274E0
6.745884208E1,4.635815534E0,6.735348068E0,1.901768007E0
6.747874108E1,5.169049734E0,4.291010782E0,-8.407642682E-1
6.749863908E1,1.222496965E0,2.020414737E0,-3.256576352E0
6.751853808E1,-1.494202312E0,2.298487848E-1,-4.390096529E0
6.753843608E1,-3.792504657E0,1.375832301E-1,-5.566062813E0
6.755833508E1,-7.027265632E0,4.015229779E0,-2.631318380E0
6.757823308E1,-5.608300760E0,6.290490732E0,3.919221421E0
6.759813108E1,-1.935370932E0,4.084242711E0,3.510260142E0
6.761803008E1,1.167227767E-1,2.579787453E0,-4.123913146E0
6.763792808E1,7.630297753E-1,1.192638450E0,-7.532963247E0
6.765782708E1,1.731452941E0,-1.171407210E0,-7.054913607E0
6.767772508E1,1.304642451E0,-2.656280728E0,-3.946223571E0
6.769762408E1,-3.959380683E-1,-2.990164343E0,-3.785975071E0
6.771752208E1,-2.285573103E0,-3.377649384E0,-4.161040041E0
6.773742108E1,-1.807557376E0,-3.332507125E0,-3.940862551E0
6.775731908E1,-1.412035045E0,-4.072190430E0,-3.045980694E0
6.777721808E1,-1.105454126E0,-4.738697001E0,-2.119460138E0
6.779711608E1,-5.236538297E-1,-4.936461529E0,-1.726932458E0
6.781701508E1,-4.031943168E-1,-4.819324257E0,-1.263864846E0
6.783691308E1,-5.458039597E-1,-4.985738354E0,1.372984707E-1
6.785681208E1,-4.059400231E-1,-5.108035208E0,8.183523291E-1
6.787671008E1,-5.368971153E-1,-4.022071021E0,1.765255987E0
6.789660908E1,-2.436759149E-1,-1.848531740E0,3.503677639E0
6.791650708E1,1.014412759E0,1.409059104E0,3.885553446E0
6.793640608E1,1.412313226E0,5.653372267E0,2.784030403E0
6.795630408E1,1.422282875E0,7.148095420E0,4.427892931E0
6.797620208E1,4.763415228E-1,3.536515895E0,5.934069024E0
6.799610108E1,-5.081494989E-1,-8.393397403E-1,6.454636109E0
6.801599908E1,-9.766735867E-1,2.725070297E0,7.920304447E0
6.803589746E1,-3.677156634E0,1.328691815E1,-2.090663770E0
6.805579546E1,-5.916609238E0,5.863807127E0,-1.371162013E1
6.807569446E1,-3.115354984E0,-9.185778154E0,-2.314824676E0
6.809559246E1,-2.203124000E0,-1.278533931E1,3.603265370E0
6.811549146E1,-1.374823657E-1,-6.164880261E0,1.567513971E0
6.813538946E1,1.018698987E-1,2.033668036E0,-9.453340310E0
6.815528846E1,1.094368390E0,9.310501603E0,-6.841438195E0
6.817518646E1,1.802963803E0,7.270441976E0,-3.832963296E0
6.819508546E1,1.833156486E0,-2.665388936E-1,-2.128742593E0
6.821498346E1,5.852945924E-1,-4.178405102E0,-5.541417968E-1
6.823488246E1,-6.262645707E-1,-4.709605933E0,-4.149739712E-1
6.825478046E1,-1.603208883E0,-2.582215801E0,-1.113309860E-2
6.827467946E1,-1.040196349E0,-9.753939235E-1,-1.356540583E0
6.829457746E1,2.083927193E-1,-1.008974483E0,-2.326133484E0
6.831447646E1,1.466506829E0,-1.048033884E0,-2.274897841E0
6.833437446E1,1.716310260E0,-3.772506595E-1,7.988458715E-2
6.835427346E1,1.197368409E0,5.261330491E-1,2.116145936E0
6.837417146E1,1.472226429E0,-7.774750292E-2,2.217797295E0
6.839407046E1,1.519367412E0,-1.236913567E0,4.147289729E-1
6.841396846E1,1.075932557E0,-1.800678712E0,-3.988945667E-1
6.843386646E1,1.358490922E-1,-9.478126073E-1,1.070531923E0
6.845376546E1,-5.014458123E-1,4.957924318E-1,3.612523266E0
6.847366346E1,3.290663865E-1,8.797457546E-1,4.094104040E0
6.849356246E1,1.208150821E0,2.461221707E-1,1.620009688E0
6.851346046E1,1.131353929E0,1.153777855E0,1.124264911E0
6.853335946E1,9.896758939E-1,2.304194731E0,3.285705134E0
6.855325746E1,1.998772291E0,1.458607825E0,3.246496045E0
6.857315646E1,1.443602993E0,2.303818170E0,1.642957378E0
6.859305446E1,8.815504977E-1,4.230289786E0,2.150831035E0
6.861295346E1,1.155283513E0,7.997609900E0,2.799981315E0
6.863285146E1,4.389378490E0,7.231953263E0,1.628525719E0
6.865275046E1,3.394730855E0,3.275775100E0,-1.301565646E0
6.867264846E1,-1.002656859E0,2.153541219E-1,-2.609618193E0
6.869254746E1,-2.589197085E0,-7.850612068E-1,-4.861386788E0
6.871244546E1,-5.625222602E0,3.012624668E0,-5.744721563E0
6.873234446E1,-6.462580136E0,5.910349794E0,-4.224017624E-1
6.875224246E1,-4.523906550E0,5.946856885E0,4.460654880E0
6.877214146E1,-1.659652933E0,3.115099461E0,1.962872872E0
6.879203946E1,-2.353124231E-1,1.990675213E0,-5.332775280E0
6.881193846E1,7.379908285E-1,1.280253714E-1,-6.807517912E0
6.883183646E1,1.865174377E0,-1.924118112E0,-6.123201892E0
6.885173546E1,8.955335292E-1,-3.113635903E0,-4.358194120E0
6.887163346E1,-1.327868761E0,-3.644976482E0,-3.801349740E0
6.889153246E1,-2.293966489E0,-3.732313419E0,-3.783822126E0
6.891143046E1,-1.024628356E0,-4.166565660E0,-4.113512118E0
6.893132946E1,-5.227323085E-1,-4.570643930E0,-3.623290329E0
6.895122746E1,-1.719724596E-2,-4.491353931E0,-2.422281590E0
6.897112646E1,-3.245241232E-1,-4.188554115E0,-1.796166708E0
6.899102446E1,-7.535179634E-1,-4.123258842E0,-7.451770565E-1
6.901092346E1,-4.066536757E-1,-5.012506322E0,1.048360158E0
6.903082146E1,4.173684061E-2,-3.951689841E0,2.657231485E0
6.905072021E1,1.460001509E-1,-3.042712101E0,4.925224349E0
6.907061821E1,6.011741683E-1,-1.709014835E0,6.695398137E0
6.909051721E1,2.123391075E0,1.883222101E0,4.265213158E0
6.911041521E1,1.661666422E0,6.373540490E0,2.192398891E0
6.913031321E1,2.172155830E-1,6.396565071E0,2.178805869E0
6.915021221E1,-1.427542738E0,1.443681053E0,3.371075360E0
6.917011021E1,-2.296395130E0,-1.445974916E0,7.918828025E0
6.919000921E1,-3.759774575E0,4.459911114E0,5.000149401E0
6.920990721E1,-5.015489572E0,1.173842342E1,-6.109802998E0
6.922980621E1,-4.571772442E0,2.066665628E0,-1.393334889E1
6.924970421E1,-2.224935430E0,-8.539094229E0,5.978099728E-1
6.926960321E1,-2.654913649E-2,-1.107034511E1,4.656723130E0
6.928950121E1,3.074495226E-2,-3.706926563E0,-2.125944700E0
6.930940021E1,6.645945311E-1,3.842459174E0,-8.171852249E0
6.932929821E1,3.572003377E-1,9.333157225E0,-8.106894361E0
6.934919721E1,2.939372212E0,5.236180447E0,-3.632306151E0
6.936909521E1,1.534946734E0,-1.921170530E0,-7.509557135E-1
6.938899421E1,-1.094782884E0,-5.148921279E0,-4.323865409E-1
6.940889221E1,-2.645074539E0,-3.908332152E0,-2.955990437E-1
6.942879121E1,-1.962029850E0,-2.319894505E0,-5.255161313E-1
6.944868921E1,-4.523759785E-1,-1.475212748E0,-2.240645437E0
6.946858821E1,9.301399827E-1,-6.110609329E-1,-2.151472474E0
6.948848621E1,1.602009327E0,-1.422598332E-1,4.483458217E-1
6.950838521E1,2.001373718E0,8.685395658E-2,2.343075206E0
6.952828321E1,1.863052861E0,-1.065187275E-1,2.034113155E0
6.954818221E1,1.595926030E0,-1.172995899E0,-1.025299032E-1
6.956808021E1,1.612438129E0,-1.546003819E0,-1.328405535E0
6.958797921E1,1.932581225E0,-5.817166811E-1,1.777279616E0
6.960787721E1,-4.533836000E-1,5.936993802E-1,4.561366445E0
6.962777621E1,-9.276512615E-1,6.974091053E-2,2.698971834E0
6.964767421E1,-4.120139645E-1,2.923479187E-1,1.098769151E0
6.966757321E1,1.106595795E-1,1.573595660E0,1.612761772E0
6.968747121E1,1.237271563E0,1.942349730E0,3.251643641E0
6.970737021E1,2.088905074E0,1.366497806E0,2.285297991E0
6.972726821E1,1.294782583E0,2.424412315E0,1.697670068E0
6.974716721E1,-1.640962601E-2,3.723650184E0,3.054235501E0
6.976706521E1,4.918341592E-1,4.415346560E0,2.559749337E0
6.978696421E1,2.012033923E0,6.237804980E0,9.259605391E-1
6.980686221E1,3.354971543E0,4.502793424E0,7.053459696E-1
6.982676121E1,1.856364962E0,1.725686417E0,-2.351337322E0
6.984665921E1,-3.605334699E-2,-1.696861982E-3,-4.491136415E0
6.986655821E1,-1.899369918E0,1.820251096E0,-5.217457663E0
6.988645621E1,-6.084733061E0,5.797873923E0,-2.654710751E0
6.990635521E1,-6.055088847E0,6.637807156E0,4.251039215E0
6.992625321E1,-2.801855932E0,3.597790622E0,4.079601191E0
6.994615221E1,-1.087918838E0,1.690349354E0,-2.846653790E0
6.996605021E1,2.192658361E-1,1.035761747E0,-7.619081039E0
6.998594921E1,1.022941142E0,-6.781857991E-1,-7.114323657E0
7.000584721E1,1.409827136E0,-2.698721573E0,-4.328582650E0
7.002574621E1,-1.587179180E-1,-3.628032421E0,-3.577844307E0
7.004564458E1,-1.591822893E0,-3.720931229E0,-3.513828405E0
7.006554358E1,-1.349424814E0,-3.705606261E0,-3.806864249E0
7.008544158E1,-7.010808644E-1,-3.954083106E0,-3.702997234E0
7.010534058E1,-1.111903605E0,-4.572623797E0,-2.955739446E0
7.012523858E1,-8.748691767E-1,-4.869219133E0,-1.420022049E0
7.014513758E1,-9.297357939E-1,-4.604335586E0,-8.034270188E-1
7.016503558E1,-6.887007008E-1,-4.311909315E0,4.391899225E-1
7.018493458E1,-4.712621927E-2,-4.045572735E0,1.111944535E0
7.020483258E1,2.161054891E-1,-2.988627695E0,1.679303963E0
7.022473158E1,4.301375556E-1,-1.539451429E0,3.734305565E0
7.024462958E1,1.091986015E0,9.491147822E-1,3.734599973E0
7.026452858E1,1.264413022E0,5.101741850E0,2.907958338E0
7.028442658E1,7.937617175E-1,7.435739254E0,3.670481745E0
7.030432558E1,-5.854261547E-2,4.476456395E0,4.612854980E0
7.032422358E1,3.816448420E-2,-1.625058174E0,7.384767321E0
7.034412258E1,-1.316919557E0,-1.295634230E0,5.788279227E0
7.036402058E1,-4.610769278E0,7.175671474E0,-1.703621948E0
7.038391958E1,-6.285273846E0,1.039692480E1,-6.399751804E0
7.040381758E1,-2.959871673E0,-1.844597733E0,-4.936117712E0
7.042371658E1,-1.401165656E0,-1.110354677E1,1.668378441E0
7.044361458E1,8.397771120E-3,-9.174672537E0,2.119230927E0
7.046351358E1,6.137921673E-1,-1.268590858E0,-6.409302646E0
7.048341158E1,8.692193046E-1,5.009600256E0,-8.516342129E0
7.050331058E1,1.232783971E0,9.065440702E0,-6.191966318E0
7.052320858E1,2.580401118E0,2.082251381E0,-3.172416208E0
7.054310758E1,8.625474123E-1,-2.728338305E0,-7.206379004E-1
7.056300558E1,-1.045396789E0,-4.897796230E0,-1.474492371E-1
7.058290458E1,-2.109089516E0,-3.685996454E0,-2.992699257E-1
7.060280258E1,-1.018281350E0,-1.855335560E0,-9.449521494E-1
7.062270158E1,7.618505381E-1,6.872057140E-2,-2.479294281E0
7.064259958E1,1.605285961E0,1.592542393E0,-1.902862898E0
7.066249858E1,1.724060452E0,7.035773331E-1,1.509975615E0
7.068239658E1,1.611293098E0,-7.478793472E-1,2.923334177E0
7.070229558E1,1.293414773E0,-1.505234692E0,1.444704316E0
7.072219358E1,6.687118480E-1,-1.313429646E0,-2.212668264E-1
7.074209258E1,8.749235559E-1,-5.923311317E-1,-2.782806873E-2
7.076199058E1,1.570043622E0,-4.817930281E-2,2.989013611E0
7.078188958E1,6.379996401E-1,1.010018796E-1,3.451877156E0
7.080178758E1,-1.422232881E-1,3.764612854E-1,1.853814114E0
7.082168658E1,-2.313635060E-1,5.357400244E-1,2.225454955E0
7.084158458E1,7.637979533E-1,8.342778057E-1,1.907349174E0
7.086148358E1,1.731699839E0,1.310782027E0,2.092108325E0
7.088138158E1,2.319719380E0,6.969916141E-1,2.180094595E0
7.090128058E1,9.523614487E-1,2.040378885E0,1.652367449E0
7.092117858E1,-3.745053917E-1,3.770115083E0,3.369015678E0
7.094107758E1,3.669963974E-1,4.486638737E0,4.049301797E0
7.096097558E1,1.866440007E0,6.727391177E0,1.790206056E0
7.098087458E1,5.578141406E0,4.848646874E0,5.517080395E-1
7.100077358E1,3.991608489E0,2.850155103E0,-1.935702031E0
7.102067158E1,-1.680536556E-1,9.491083503E-1,-3.634478391E0
7.104057071E1,-1.651648826E0,-5.243736219E-1,-5.064444215E0
7.106046871E1,-5.877417106E0,3.647386120E0,-4.873015730E0
7.108036771E1,-6.836830004E0,6.678625399E0,1.233580070E0
7.110026571E1,-3.800253095E0,5.519839404E0,5.041125519E0
7.112016471E1,-1.516377146E0,2.121065784E0,5.040142018E-1
7.114006271E1,-3.380909792E-1,1.657076358E0,-9.056179882E0
7.115996171E1,1.254192089E0,-1.182386527E0,-7.281251138E0
7.117985971E1,2.013013916E0,-2.443716897E0,-6.088867042E0
7.119975871E1,2.137783704E-1,-2.675853113E0,-3.696807664E0
7.121965671E1,-2.002075530E0,-3.148149678E0,-2.688089873E0
7.123955571E1,-1.504668097E0,-3.451344767E0,-3.542532095E0
7.125945371E1,-8.335868110E-1,-4.120253373E0,-3.147975431E0
7.127935271E1,-8.862317786E-1,-4.902645911E0,-3.079027403E0
7.129925071E1,-6.847063217E-1,-4.902275198E0,-2.207862437E0
7.131914971E1,-6.045718391E-1,-4.290585104E0,-1.457384295E0
7.133904771E1,-5.863026524E-1,-3.832109603E0,-9.909510255E-2
7.135894671E1,1.776637007E-1,-4.189375064E0,1.234763254E0
7.137884471E1,1.430129546E-1,-3.597978317E0,2.556359414E0
7.139874371E1,-3.340721878E-1,-2.821414869E0,4.417374959E0
7.141864171E1,7.077197930E-1,-8.331984097E-1,5.053236272E0
7.143854071E1,1.715069627E0,3.643046901E0,3.211838720E0
7.145843871E1,1.387722468E0,8.512420401E0,3.665446123E0
7.147833771E1,-2.275432277E-1,6.100918154E0,4.082165780E0
7.149823571E1,-4.693937150E-1,-1.168064357E0,5.281049057E0
7.151813471E1,-1.589013013E0,-1.574284462E0,6.344887964E0
7.153803271E1,-2.809049762E0,7.179748152E0,5.554673606E-1
7.155793171E1,-5.866789792E0,1.051900764E1,-1.030835234E1
7.157782971E1,-4.009484890E0,-4.039145476E-1,-6.700119764E0
7.159772871E1,-5.134801130E-1,-1.194632936E1,2.565926336E0
7.161762671E1,3.433958656E-1,-1.027840875E1,2.896610647E0
7.163752571E1,7.873123848E-1,-1.776230918E0,-5.695488592E0
7.165742371E1,7.723781575E-1,5.989134008E0,-8.108912820E0
7.167732271E1,6.716610374E-1,1.023637195E1,-7.071422635E0
7.169722071E1,1.870521364E0,2.444381141E0,-2.577024643E0
7.171711971E1,7.275541332E-1,-3.392872025E0,-2.717435002E-2
7.173701871E1,-9.666306283E-1,-5.063688170E0,1.975299814E-1
7.175691671E1,-1.644780833E0,-3.413254834E0,7.042357296E-1
7.177681571E1,-2.912179443E-1,-1.641463122E0,-4.736518767E-1
7.179671371E1,9.551059856E-1,-7.395090580E-2,-2.613568572E0
7.181661271E1,1.784836119E0,6.635116267E-1,-1.846213903E0
7.183651071E1,1.901297745E0,-1.369768739E-2,9.499059105E-1
7.185640971E1,1.291670549E0,-7.925316095E-1,1.946893601E0
7.187630771E1,6.434236635E-1,-1.335157900E0,1.381161454E0
7.189620671E1,6.727170445E-1,-9.407801610E-1,-1.196946971E-1
7.191610471E1,1.796302217E0,-8.742452788E-1,8.026544555E-1
7.193600371E1,1.404606888E0,-5.055461723E-1,2.600464962E0
7.195590171E1,-1.547002231E-1,1.128699732E-1,2.051579519E0
7.197580071E1,-6.262506835E-1,5.204197347E-1,1.712430486E0
7.199569871E1,-2.775619183E-1,1.221341262E0,2.353132563E0
7.201559771E1,6.308056645E-1,2.014680957E0,2.854735812E0
7.203549571E1,2.014657276E0,1.118481138E0,3.519854546E0
7.205539508E1,2.413203202E0,1.657521915E0,1.530806028E0
7.207529308E1,1.443816562E0,3.471013046E0,2.164935542E0
7.209519208E1,1.550231940E0,4.642243670E0,4.433529646E0
7.211509008E1,2.264094233E0,6.748506058E0,3.744402537E0
7.213498908E1,5.236334814E0,4.518966823E0,4.232027578E-1
7.215488708E1,2.753728670E0,3.205417893E0,-3.788411021E0
7.217478608E1,-9.410441628E-1,1.527751150E0,-5.827588888E0
7.219468408E1,-3.779269484E0,8.022145987E-2,-5.603714204E0
7.221458308E1,-7.900068988E0,3.734523667E0,-3.251998567E0
7.223448208E1,-6.367671640E0,7.257523722E0,5.253592286E0
7.225438008E1,-2.317528429E0,5.243167870E0,5.339781414E0
7.227427908E1,7.980674610E-1,2.470804124E0,-3.264671237E0
7.229417708E1,9.054587393E-1,4.565587842E-1,-8.300501518E0
7.231407608E1,1.416844380E0,-1.870051832E0,-7.256327966E0
7.233397408E1,1.277527742E0,-3.590011486E0,-4.662350783E0
7.235387308E1,-8.758453694E-1,-3.791148688E0,-2.978562298E0
7.237377108E1,-2.473178678E0,-3.411438689E0,-2.879811012E0
7.239367008E1,-1.804946302E0,-3.197878493E0,-3.710849460E0
7.241356808E1,-1.296250235E0,-3.629316469E0,-4.020901578E0
7.243346708E1,-8.659746847E-1,-4.263869176E0,-3.106910436E0
7.245336508E1,-4.536505254E-1,-4.422304162E0,-1.827909195E0
7.247326408E1,-3.954346231E-1,-4.231382630E0,-1.186414089E0
7.249316208E1,-5.932853973E-1,-4.396069459E0,-1.969008940E-1
7.251306108E1,-2.415171960E-1,-4.545566976E0,7.092584878E-1
7.253295908E1,-1.700235826E-1,-3.265448917E0,2.449892142E0
7.255285808E1,1.921935931E-1,-1.214443887E0,5.402686930E0
7.257275608E1,9.720254888E-1,1.708315508E0,5.518930746E0
7.259265508E1,7.714176062E-1,6.666332213E0,2.846690043E0
7.261255308E1,3.570792273E-1,8.245890863E0,3.478114489E0
7.263245208E1,9.182213107E-1,3.004827991E0,5.057445098E0
7.265235108E1,6.544086814E-1,-1.993247404E0,7.009954365E0
7.267224908E1,-2.082408818E0,2.766967351E0,4.545916932E0
7.269214808E1,-5.801454173E0,1.131510021E1,-4.071836966E0
7.271204608E1,-6.438980189E0,2.363776104E0,-1.188865944E1
7.273194508E1,-2.587596702E0,-9.217992804E0,-1.069625312E0
7.275184308E1,-5.647264266E-1,-1.167309832E1,3.537850814E0
7.277174208E1,2.770181273E-1,-4.467002032E0,-7.276114359E-1
7.279164008E1,1.342505219E0,2.996214457E0,-8.379389813E0
7.281153908E1,1.429089911E0,9.533036690E0,-8.207437234E0
7.283143708E1,3.071231310E0,6.019342479E0,-3.815180744E0
7.285133608E1,2.053577220E0,-1.367005345E0,-9.695303357E-1
7.287123408E1,1.011365117E-1,-4.059066939E0,-9.696832404E-2
7.289113308E1,-1.395226639E0,-3.968744999E0,-1.074607871E-1
7.291103108E1,-1.689314835E0,-2.522668927E0,-7.816565193E-2
7.293093008E1,-4.801992233E-1,-1.413219983E0,-1.344341537E0
7.295082808E1,1.060299003E0,-6.726449776E-1,-2.443025172E0
7.297072708E1,1.569804617E0,1.320535183E-1,-4.272326589E-1
7.299062508E1,1.620767780E0,3.833060360E-1,6.421587646E-1
7.301052408E1,1.700420452E0,-4.964771408E-1,1.056556858E0
7.303042308E1,1.230611731E0,-1.252336183E0,5.782872891E-1
7.305032050E1,6.573577246E-1,-8.430702639E-1,6.160626411E-3
7.307021950E1,1.155091724E0,-6.759960169E-1,1.506853201E0
7.309011750E1,1.878811254E-1,-1.498138511E-1,3.552317702E0
7.311001650E1,-8.524277093E-1,2.108517659E-1,2.660640412E0
7.312991450E1,-4.215497500E-1,4.359245449E-1,1.472885556E0
7.314981350E1,5.575608100E-1,1.104327368E0,2.449915677E0
7.316971150E1,1.733205059E0,1.605258332E0,3.402992094E0
7.318961050E1,3.156002781E0,1.187300527E0,2.630208578E0
7.320950850E1,2.762387519E0,2.118285432E0,1.089549115E0
7.322940750E1,1.297530775E0,3.881605114E0,2.171998540E0
7.324930550E1,1.178420361E0,5.257335089E0,3.492122371E0
7.326920450E1,2.632054252E0,6.458554913E0,1.979455284E0
7.328910250E1,4.256746098E0,4.486960334E0,-6.315295498E-1
7.330900150E1,1.001324863E0,2.371772756E0,-3.223591039E0
7.332889950E1,-2.296388113E0,-1.276967579E-1,-3.957482092E0
7.334879850E1,-5.159183142E0,7.716126108E-1,-5.638180032E0
7.336869650E1,-7.283219311E0,4.248329616E0,-3.435271940E0
7.338859550E1,-5.420247288E0,6.561657112E0,3.658757200E0
7.340849450E1,-1.319740400E0,4.355865174E0,4.051246873E0
7.342839250E1,4.223049179E-1,2.852451305E0,-2.183903471E0
7.344829150E1,7.693490075E-1,1.338488474E0,-7.342405998E0
7.346818950E1,2.016025524E0,-1.353087217E0,-7.168422096E0
7.348808850E1,1.951083131E0,-3.430588320E0,-4.416087694E0
7.350798650E1,-5.424868342E-1,-3.894196508E0,-3.735750412E0
7.352788550E1,-2.446918833E0,-3.634020554E0,-3.398774790E0
7.354778350E1,-1.956841616E0,-3.516513155E0,-4.174854088E0
7.356768250E1,-1.754056815E0,-3.846244077E0,-3.797900175E0
7.358758050E1,-9.744332260E-1,-4.435796612E0,-2.454709078E0
7.360747950E1,-3.554751898E-1,-4.770495914E0,-1.053432910E0
7.362737750E1,-2.739319669E-1,-4.533286654E0,-5.678222349E-1
7.364727650E1,-2.831952721E-2,-4.250072086E0,5.889485174E-1
7.366717450E1,9.881487474E-1,-4.228536206E0,9.760137284E-1
7.368707350E1,8.675215656E-1,-3.125922657E0,2.327818651E0
7.370697150E1,-1.180798423E-1,-2.152025621E0,4.486249312E0
7.372687050E1,6.287236172E-1,-9.961550474E-2,4.467456361E0
7.374676950E1,1.826058843E0,4.136706269E0,3.464782838E0
7.376666750E1,4.690686098E-1,8.675366514E0,3.577070428E0
7.378656650E1,-1.437882515E0,5.912467071E0,3.217639451E0
7.380646450E1,-1.103108077E0,-4.428722066E-1,6.201199071E0
7.382636350E1,-1.626462968E0,9.959960032E-1,7.028515767E0
7.384626150E1,-2.744171396E0,9.583171887E0,-8.397896835E-1
7.386616050E1,-4.746771713E0,8.319147704E0,-1.059660838E1
7.388605850E1,-3.059599444E0,-7.098927938E0,-4.517037826E0
7.390595750E1,-2.296508127E0,-1.520738701E1,3.645273229E0
7.392585550E1,1.073905474E-1,-8.619993382E0,3.741228084E0
7.394575450E1,1.010178279E0,1.640340457E0,-8.550146052E0
7.396565250E1,-6.823782527E-1,1.004761564E1,-9.457616964E0
7.398555150E1,6.370909828E-1,1.046375496E1,-5.880000406E0
7.400544950E1,1.808593795E0,2.904779792E-1,-1.630188521E0
7.402534850E1,3.477548186E-1,-4.692978791E0,1.284033939E-2
7.404524750E1,-1.441074657E0,-4.705078434E0,-2.914568031E-1
7.406514550E1,-2.020210084E0,-2.647697600E0,-2.576867938E-1
7.408504450E1,-6.786917295E-1,-1.344754350E0,-1.361352841E0
7.410494250E1,9.123695634E-1,-8.278523004E-1,-3.395892112E0
7.412484150E1,1.784630443E0,-5.142976999E-1,-2.365796317E0
7.414473950E1,1.652338797E0,-4.961970592E-1,1.239102180E0
7.416463850E1,1.590792760E0,1.941953874E-1,2.736419742E0
7.418453650E1,1.667244081E0,4.554980993E-3,1.746560977E0
7.420443550E1,1.656596447E0,-1.388147122E0,-1.441246565E-1
7.422433350E1,1.579514358E0,-1.622443299E0,-9.598638649E-1
7.424423250E1,8.381806760E-1,-7.054829407E-1,8.520912020E-1
7.426413050E1,-1.028999004E0,5.878509951E-1,3.234222447E0
7.428402950E1,-7.553437565E-1,6.255918485E-1,3.565023994E0
7.430392750E1,3.215788807E-1,5.868803573E-1,1.939127622E0
7.432382650E1,7.037248291E-1,9.737531948E-1,1.360401645E0
7.434372550E1,6.808261093E-1,1.268836441E0,2.584008558E0
7.436362350E1,1.671044040E0,1.482949784E0,2.627271229E0
7.438352250E1,1.420076720E0,2.766344622E0,2.360553703E0
7.440342050E1,8.152712850E-1,3.787398868E0,3.273762488E0
7.442331950E1,1.666531890E0,5.135848074E0,3.074185324E0
7.444321750E1,3.281779021E0,6.309522250E0,1.343975647E0
7.446311650E1,4.444560419E0,4.293971227E0,1.445811778E-2
7.448301450E1,1.112919266E0,2.436555812E0,-2.560003399E0
7.450291350E1,-1.864626201E0,7.633598506E-2,-4.168987577E0
7.452281150E1,-4.194645744E0,1.286872762E0,-5.294656112E0
7.454271050E1,-7.302073658E0,4.658813510E0,-2.162253571E0
7.456260850E1,-4.760681070E0,6.251597977E0,4.331840134E0
7.458250750E1,-1.444406692E0,3.530803750E0,4.298627365E0
7.460240650E1,6.925907072E-1,1.648935864E0,-3.518573713E0
7.462230450E1,7.919170672E-1,3.278112817E-1,-8.838289822E0
7.464220350E1,9.752969328E-1,-1.768855825E0,-7.145788693E0
7.466210150E1,1.012754196E0,-3.235631041E0,-4.827542227E0
7.468200050E1,-8.451048025E-1,-3.593457250E0,-2.933198429E0
7.470189850E1,-2.109802584E0,-3.261647058E0,-3.427374691E0
7.472179750E1,-1.564135450E0,-3.152902880E0,-4.318200334E0
7.474169550E1,-1.146236993E0,-3.503802477E0,-3.190153152E0
7.476159450E1,-7.602789527E-1,-4.377068932E0,-1.889535339E0
7.478149250E1,-6.493710127E-1,-5.032497368E0,-1.007371176E0
7.480139150E1,-5.467636339E-1,-5.086830280E0,-2.546921423E-1
7.482128950E1,-4.175549322E-1,-4.791603777E0,2.157300979E-1
7.484118850E1,1.253055391E-1,-4.162586630E0,5.955120170E-1
7.486108750E1,2.994318936E-1,-2.678084410E0,2.506914481E0
7.488098550E1,6.069760680E-1,-9.337687647E-1,5.895062833E0
7.490088450E1,1.989659698E0,1.650468419E0,4.691454714E0
7.492078250E1,1.047675742E0,7.824734631E0,3.479666925E0
7.494068150E1,-1.522006115E0,9.912677107E0,1.844248947E0
7.496057950E1,-1.846691621E0,3.354955171E0,5.166292772E0
7.498047850E1,-1.885391125E0,-2.318687639E0,7.814041827E0
7.500037650E1,-1.976439582E0,1.483461415E0,3.020504960E0
7.502027550E1,-2.503059704E0,8.357958598E0,-3.295564709E0
7.504017350E1,-4.422461452E0,2.601466005E0,-1.084628566E1
7.506007233E1,-2.413160372E0,-7.433775759E0,-2.875988102E-1
7.507997033E1,-1.012213840E0,-1.096512564E1,1.266915046E0
7.509986933E1,2.344138522E-1,-4.931018355E0,-8.865890434E-1
7.511976833E1,1.246471718E0,2.215771381E0,-6.857217491E0
7.513966633E1,6.368224494E-1,7.795544745E0,-7.587675644E0
7.515956533E1,1.531205393E0,6.431813841E0,-4.589612882E0
7.517946333E1,1.797055777E0,-7.525208670E-1,-1.621179277E0
7.519936233E1,4.785890463E-1,-3.857395302E0,-3.119153336E-1
7.521926033E1,-1.156390318E0,-3.510584663E0,-8.544243872E-5
7.523915933E1,-1.110275740E0,-2.106073523E0,4.888073480E-1
7.525905733E1,3.113990244E-1,-1.348197775E0,-8.993538076E-1
7.527895633E1,1.563449425E0,-4.081163567E-1,-2.688384866E0
7.529885433E1,1.953565128E0,5.249536657E-1,-6.476761973E-1
7.531875333E1,1.828851474E0,2.607390404E-1,1.579681442E0
7.533865233E1,1.277157760E0,-7.382899135E-1,2.263668848E0
7.535855033E1,1.027388535E0,-1.731766936E0,1.095728452E0
7.537844933E1,8.170735431E-1,-1.473943318E0,-4.108920300E-1
7.539834733E1,1.582446882E0,-8.802135319E-1,1.323753783E0
7.541824633E1,3.245438576E-1,7.802349150E-2,3.672640829E0
7.543814433E1,-9.114433645E-1,2.009863436E-2,2.648469433E0
7.545804333E1,-7.981333883E-1,1.414213425E-1,1.570296807E0
7.547794133E1,-3.766947354E-1,1.056422299E0,2.380312322E0
7.549784033E1,1.204666173E0,1.892651321E0,2.838410386E0
7.551773833E1,3.118246725E0,1.691082594E0,3.253210695E0
7.553763733E1,2.472045488E0,3.065743114E0,1.836715833E0
7.555753633E1,1.209246882E0,4.148329949E0,1.555388600E0
7.557743433E1,8.740938359E-1,6.149812571E0,2.807877395E0
7.559733333E1,3.182835946E0,7.727323526E0,2.154885056E0
7.561723133E1,3.998561414E0,4.628824310E0,-2.879720087E-1
7.563713033E1,-1.538352737E-1,1.279301203E0,-2.962012339E0
7.565702833E1,-1.505654522E0,-1.084791820E0,-5.047211301E0
7.567692733E1,-5.060178087E0,4.617464340E-1,-6.061941783E0
7.569682533E1,-6.670420586E0,4.046560915E0,-2.832067326E0
7.571672433E1,-5.640661590E0,6.487559441E0,5.432448673E0
7.573662233E1,-1.819008709E0,3.823524721E0,4.499693230E0
7.575652133E1,2.969743089E-1,2.599789023E0,-3.465595601E0
7.577642033E1,8.132338227E-1,5.131148082E-1,-7.718208886E0
7.579631833E1,1.958017637E0,-1.673680111E0,-7.294203891E0
7.581621733E1,1.983139322E0,-3.230850942E0,-4.759155824E0
7.583611533E1,-5.882126454E-1,-3.578874879E0,-4.177190051E0
7.585601433E1,-2.465634016E0,-3.542603431E0,-3.873392699E0
7.587591233E1,-1.634831210E0,-3.650120863E0,-4.168481208E0
7.589581133E1,-1.135844956E0,-4.410475245E0,-3.275760774E0
7.591570933E1,-4.146877500E-1,-4.970570676E0,-1.961338563E0
7.593560833E1,-4.870850506E-1,-4.669191148E0,-1.206396364E0
7.595550633E1,-6.068247713E-1,-4.358120445E0,-4.485633016E-1
7.597540533E1,-1.629198003E-1,-4.395603436E0,5.203922528E-1
7.599530433E1,-9.672464132E-2,-3.401521811E0,1.377584712E0
7.601520233E1,-1.403170958E-1,-2.224079105E0,4.335129193E0
7.603510133E1,1.029143576E0,-8.082103336E-1,6.666821040E0
7.605499988E1,2.053552224E0,2.833581755E0,4.074054230E0
7.607489888E1,9.170428044E-1,8.178845519E0,3.322117208E0
7.609479688E1,-1.423840865E0,7.616588371E0,2.536209909E0
7.611469588E1,-9.535063335E-1,1.211911458E-1,4.889978503E0
7.613459388E1,-1.252572411E0,-4.117356078E0,6.036659592E0
7.615449288E1,-2.313185994E0,3.152125200E0,2.632038172E0
7.617439188E1,-4.513114637E0,1.077474147E1,-6.318549181E0
7.619428988E1,-5.143789762E0,2.560098124E0,-1.124862321E1
7.621418888E1,-2.211740603E0,-8.377398251E0,1.909074980E0
7.623408688E1,7.435364740E-1,-1.053882269E1,2.716372271E0
7.625398588E1,1.085144261E0,-3.483142510E0,-3.249286921E0
7.627388388E1,1.823210080E0,3.670657454E0,-7.836456544E0
7.629378288E1,1.163620473E0,9.102813181E0,-7.649877155E0
7.631368088E1,2.107213730E0,5.552928212E0,-3.377954024E0
7.633357988E1,1.225825931E0,-1.746538757E0,-6.533612989E-1
7.635347888E1,-4.854707806E-1,-4.522374580E0,-2.013265054E-1
7.637337688E1,-2.317614090E0,-3.749852727E0,4.343328597E-1
7.639327588E1,-1.098487022E0,-2.559022236E0,2.912684496E-1
7.641317388E1,2.541938134E-1,-1.370535309E0,-2.112351093E0
7.643307288E1,1.617197616E0,-1.678846711E-1,-2.644349484E0
7.645297088E1,1.929099501E0,6.189248532E-1,-1.378305491E-1
7.647286988E1,1.587669031E0,3.670215404E-1,1.585429255E0
7.649276788E1,9.982894273E-1,-5.411060143E-1,2.152940125E0
7.651266688E1,6.605289620E-1,-1.195548025E0,6.833816350E-1
7.653256588E1,1.230370094E0,-9.643964803E-1,-9.018058375E-2
7.655246388E1,2.039756303E0,-6.657440937E-1,1.930572707E0
7.657236288E1,6.029296486E-1,3.943011403E-2,3.088087664E0
7.659226088E1,-5.087106854E-1,2.542369366E-3,1.769631751E0
7.661215988E1,-4.596912839E-1,1.163935053E-1,1.540800089E0
7.663205788E1,4.625822935E-1,1.180479165E0,2.590172693E0
7.665195688E1,1.653104783E0,1.811294332E0,3.312964853E0
7.667185488E1,2.852577020E0,1.053498107E0,2.422256008E0
7.669175388E1,1.737882539E0,2.722685217E0,9.839539549E-1
7.671165188E1,1.204906055E0,4.223833875E0,2.205775712E0
7.673155088E1,1.194609985E0,7.627448405E0,3.927618316E0
7.675144988E1,4.602145512E0,6.033292181E0,2.021749510E0
7.677134788E1,3.604340088E0,2.897344472E0,-1.504721307E0
7.679124688E1,-1.325638340E0,8.707346106E-1,-2.683203063E0
7.681114488E1,-2.909727706E0,-5.550025070E-1,-4.840064331E0
7.683104387E1,-5.254167067E0,2.102548821E0,-5.717208660E0
7.685094187E1,-5.558289524E0,6.852640876E0,7.334162593E-2
7.687084088E1,-4.290917518E0,7.386649539E0,5.185301485E0
7.689073988E1,-1.869672202E0,3.620659082E0,2.131435674E0
7.691063788E1,1.447339363E-2,1.879230791E0,-6.202637486E0
7.693053688E1,8.382402445E-1,1.535139692E-1,-7.803822649E0
7.695043488E1,1.905078700E0,-2.638779427E0,-5.969701372E0
7.697033388E1,1.025309849E0,-3.790687342E0,-3.880183656E0
7.699023188E1,-1.321194457E0,-3.472290078E0,-3.552741041E0
7.701013088E1,-2.151906338E0,-3.266491476E0,-4.127098124E0
7.703002888E1,-1.365008374E0,-3.734800240E0,-4.284473010E0
7.704992746E1,-8.631683135E-1,-4.547533979E0,-4.164707415E0
7.706982646E1,-1.443364719E-1,-5.083535374E0,-1.779955010E0
7.708972446E1,-3.788564511E-1,-4.507926695E0,-8.716979393E-1
7.710962346E1,-8.064794116E-1,-4.330927384E0,-2.353361043E-1
7.712952146E1,-4.236949472E-1,-4.383337147E0,2.599183837E-1
7.714942046E1,-8.532286316E-2,-3.868141315E0,1.678527453E0
7.716931846E1,3.828775082E-1,-2.852555385E0,5.036013883E0
7.718921746E1,1.407401857E0,-1.005971938E0,5.858754548E0
7.720911646E1,1.465313704E0,3.284448860E0,3.569550909E0
7.722901446E1,7.743717657E-1,8.417003197E0,2.142251123E0
7.724891346E1,1.034521553E-1,7.224530808E0,2.779255275E0
7.726881146E1,-8.187078398E-1,4.272016686E-1,4.057816805E0
7.728871046E1,-2.214140154E0,-2.561163486E0,7.019746698E0
7.730860846E1,-2.960673619E0,4.371934492E0,3.369711789E0
7.732850746E1,-4.629242094E0,9.289000221E0,-5.469325308E0
7.734840646E1,-3.828932810E0,-3.037575907E-1,-9.267677180E0
7.736830446E1,-2.467763572E0,-7.215398042E0,5.668963283E-2
7.738820346E1,-1.690310177E-1,-8.226379874E0,1.865140756E0
7.740810146E1,7.311069015E-1,-2.787546626E0,-2.903868211E0
7.742800046E1,1.483581722E0,2.552248821E0,-7.324248054E0
7.744789846E1,1.451694662E0,7.335665327E0,-6.482879330E0
7.746779746E1,2.306164657E0,4.269547992E0,-3.678681588E0
7.748769546E1,1.530059046E0,-1.345360706E0,-1.284558581E0
7.750759446E1,1.082648523E-2,-3.937648922E0,-9.084896435E-1
7.752749346E1,-2.355061706E0,-2.938672008E0,-3.063788974E-1
7.754739146E1,-1.588965358E0,-1.825576156E0,-4.176357700E-1
7.756729046E1,3.300982739E-1,-1.476731270E0,-1.862160430E0
7.758718846E1,1.405860677E0,-2.279653966E-1,-2.787306890E0
7.760708746E1,1.471152880E0,5.765535897E-1,8.964718063E-2
7.762698546E1,1.530034049E0,2.767405307E-1,2.415477769E0
7.764688446E1,1.515025270E0,-3.758157527E-1,2.416530268E0
7.766678346E1,1.671610928E0,-1.278480254E0,7.429075328E-1
7.768668146E1,1.502719658E0,-1.454697792E0,-1.032972552E0
7.770658046E1,1.443167814E0,-1.108730321E0,-5.559265132E-1
7.772647846E1,9.381590004E-1,-1.712941825E-1,2.818353267E0
7.774637746E1,-3.411895649E-1,5.957909292E-1,3.988867899E0
7.776627546E1,-3.502257058E-1,3.162454891E-1,2.647014645E0
7.778617446E1,-8.663746342E-2,1.944105649E-1,1.689502384E0
7.780607346E1,6.227422079E-1,1.010033998E0,1.815779146E0
7.782597146E1,1.568553021E0,1.666253563E0,3.167916191E0
7.784587046E1,2.726330956E0,1.469701163E0,3.184605314E0
7.786576846E1,2.232303214E0,3.164630055E0,8.772925553E-1
7.788566746E1,1.818360984E0,4.805910745E0,1.088145783E0
7.790556546E1,2.388444922E0,7.035479801E0,2.709265273E0
7.792546446E1,4.378564065E0,6.460063494E0,1.775030192E0
7.794536346E1,2.564121593E0,3.353685740E0,-1.729063622E0
7.796526146E1,-2.205562581E0,3.194825077E-1,-2.606176229E0
7.798516046E1,-4.492734459E0,-1.037895981E0,-3.594208617E0
7.800505846E1,-5.629156609E0,1.146348383E0,-4.917352828E0
7.802495746E1,-5.296239538E0,4.972369280E0,-4.574518003E-1
7.804485571E1,-3.099214915E0,5.431190352E0,3.336870317E0
7.806475471E1,-8.912956866E-1,3.545259821E0,1.488236690E0
7.808465371E1,4.013955671E-1,2.357589165E0,-4.411594402E0
7.810455171E1,7.988026021E-1,4.273238754E-1,-6.664876256E0
7.812445071E1,1.737435666E0,-1.732450476E0,-5.901218197E0
7.814434871E1,5.471169519E-1,-2.665437468E0,-3.434887193E0
7.816424771E1,-1.360259997E0,-2.721323401E0,-3.444093050E0
7.818414571E1,-2.175358058E0,-2.636687293E0,-3.877281975E0
7.820404471E1,-1.486625928E0,-3.095401361E0,-4.424397465E0
7.822394371E1,-8.620753227E-1,-4.148199556E0,-3.886990399E0
7.824384171E1,-3.375182444E-1,-4.868044428E0,-2.027882216E0
7.826374071E1,-2.093959554E-1,-4.686525804E0,-8.348932251E-1
7.828363871E1,-4.359015946E-1,-4.344180683E0,-5.461843210E-1
7.830353771E1,-5.519879749E-1,-4.407207820E0,1.870337176E-1
7.832343671E1,1.394807978E-1,-4.252315663E0,9.347186449E-1
7.834333471E1,2.081640932E-1,-3.259129246E0,3.069833826E0
7.836323371E1,3.271807326E-1,-1.695448126E0,5.539578434E0
7.838313171E1,1.956611820E0,1.216947080E0,4.459579869E0
7.840303071E1,2.113745508E0,6.528759508E0,3.145351493E0
7.842292871E1,3.143176621E-1,9.103968006E0,1.949383346E0
7.844282771E1,-2.070463248E0,3.191142501E0,2.663940580E0
7.846272671E1,-2.796034737E0,-1.890728171E0,7.403357958E0
7.848262471E1,-3.035433779E0,2.115502743E0,6.777130517E0
7.850252371E1,-3.085546171E0,1.102733417E1,-2.266307697E0
7.852242171E1,-3.506575227E0,4.414792829E0,-1.252767825E1
7.854232071E1,-2.063274389E0,-8.903455871E0,-3.281027654E-1
7.856221971E1,-6.019319674E-1,-1.268332996E1,3.187715448E0
7.858211771E1,7.471820667E-1,-5.427955672E0,-4.353298831E-1
7.860201671E1,9.549886027E-1,2.663648220E0,-8.222155260E0
7.862191471E1,3.741228376E-1,8.813490611E0,-7.970661253E0
7.864181371E1,1.614284241E0,6.063933930E0,-3.455867296E0
7.866171171E1,1.369520817E0,-1.896654325E0,-9.841314179E-1
7.868161071E1,1.642828593E-1,-4.706615667E0,-3.598635252E-1
7.870150971E1,-1.771123229E0,-3.389972391E0,-5.218694057E-1
7.872140771E1,-1.408399538E0,-1.669016957E0,-1.835522854E-1
7.874130671E1,2.907602535E-1,-6.769391727E-1,-1.475325015E0
7.876120471E1,1.553570554E0,4.344013453E-2,-2.512265561E0
7.878110371E1,2.040011095E0,3.898502398E-1,-1.312432112E0
7.880100171E1,1.676452715E0,2.435493958E-1,1.364632545E0
7.882090071E1,1.196979569E0,-6.096657872E-2,2.644736570E0
7.884079971E1,8.430467288E-1,-7.344249040E-1,1.831242692E0
7.886069771E1,1.056121168E0,-1.654011247E0,2.065821290E-2
7.888059671E1,1.380170497E0,-1.711927333E0,-8.923191686E-1
7.890049471E1,1.389836529E0,-9.503005975E-1,1.011216159E0
7.892039371E1,-3.863777246E-1,1.125787818E-1,3.433978536E0
7.894029271E1,-5.525063306E-1,2.589392674E-1,2.829818487E0
7.896019071E1,-1.581518345E-1,3.729131949E-1,1.661924576E0
7.898008971E1,2.907525060E-1,1.024791201E0,1.843178029E0
7.899998771E1,1.139315790E0,1.542368020E0,2.830068748E0
7.901988671E1,2.429673055E0,1.356618935E0,2.616795650E0
7.903978471E1,1.700941585E0,3.004279522E0,1.774200765E0
7.905968388E1,1.083617699E0,3.924299144E0,2.701834046E0
7.907958288E1,1.274600334E0,5.956604778E0,2.848267622E0
7.909948088E1,4.081915227E0,6.115285932E0,1.480055412E0
7.911937988E1,4.743475930E0,3.948917091E0,-1.057498041E0
7.913927788E1,4.797583432E-1,1.939954711E0,-3.100797172E0
7.915917688E1,-2.969086885E0,-5.313575363E-1,-3.638787789E0
7.917907588E1,-6.084534840E0,9.442493141E-1,-4.996172125E0
7.919897388E1,-7.103041454E0,4.542483155E0,-1.405995748E0
7.921887288E1,-4.323380967E0,5.972679943E0,4.291561589E0
7.923877088E1,-6.549644592E-1,3.646511961E0,3.007660967E0
7.925866988E1,9.847319269E-1,2.182191406E0,-3.446376972E0
7.927856888E1,7.938943031E-1,2.070785576E-1,-7.317302731E0
7.929846688E1,1.774642814E0,-1.912409647E0,-6.588019284E0
7.931836588E1,1.091829529E0,-2.786725677E0,-4.083748037E0
7.933826388E1,-1.115847479E0,-3.027761355E0,-3.826842723E0
7.935816288E1,-2.927459095E0,-2.863572124E0,-3.949423460E0
7.937806088E1,-1.889623925E0,-2.462760694E0,-4.485573374E0
7.939795988E1,-7.678016149E-1,-3.090374510E0,-2.976281007E0
7.941785888E1,-5.191640452E-1,-3.832431200E0,-1.642799796E0
7.943775688E1,-1.771991394E-1,-4.009465009E0,-1.183092871E0
7.945765588E1,-5.126210108E-1,-3.755215209E0,-9.443364376E-1
7.947755388E1,-7.381416866E-1,-3.817074072E0,-5.198759437E-3
7.949745288E1,-9.091543257E-2,-4.361288466E0,8.239592242E-1
7.951735188E1,7.732401833E-1,-3.832204328E0,2.177248755E0
7.953724988E1,3.607685280E-1,-2.774693277E0,4.258074585E0
7.955714888E1,4.347896004E-1,-7.261820841E-1,4.937028708E0
7.957704688E1,2.716650891E0,2.926106341E0,3.951824619E0
7.959694588E1,1.311282257E0,8.117374910E0,3.850472199E0
7.961684488E1,-1.971593848E0,6.775785073E0,2.219134407E0
7.963674287E1,-2.793399104E0,1.861332464E-1,4.640079616E0
7.965664188E1,-2.260182738E0,-1.275238557E0,6.667475928E0
7.967653988E1,-8.016170132E-1,7.513339992E0,1.401524382E0
7.969643888E1,-4.499035126E0,9.901388472E0,-1.104830930E1
7.971633788E1,-3.684401626E0,-4.548076601E0,-5.788964521E0
7.973623588E1,-2.166885296E0,-1.253476039E1,2.169524876E0
7.975613488E1,-3.234339099E-1,-8.232005480E0,2.579188406E0
7.977603288E1,6.030280280E-1,6.904140812E-1,-6.224956893E0
7.979593188E1,7.054613791E-1,8.141148520E0,-7.484980996E0
7.981583088E1,1.322048150E0,9.438076154E0,-5.237193185E0
7.983572888E1,2.735009686E0,7.083925152E-1,-1.996684982E0
7.985562788E1,1.086794930E0,-3.426081287E0,-4.757239106E-1
7.987552588E1,-4.813597494E-1,-4.359133183E0,-6.955175310E-1
7.989542488E1,-1.704138842E0,-2.390159326E0,-5.856466679E-1
7.991532388E1,-1.245537041E0,-9.361608607E-1,-8.026719240E-1
7.993522188E1,-6.601360291E-3,-8.790581220E-1,-1.540878149E0
7.995512088E1,7.356368856E-1,-9.478435975E-1,-1.990195742E0
7.997501888E1,1.261906467E0,-3.895608026E-1,-1.298686477E0
7.999491788E1,1.578609793E0,1.555499697E-1,7.292296529E-1
8.001481588E1,1.277512978E0,1.424679941E-1,1.717230173E0
8.003471488E1,9.129759197E-1,-4.158726883E-1,1.186714563E0
8.005461421E1,1.008164059E0,-6.656441063E-1,3.167740774E-1
8.007451221E1,1.214823517E0,-4.338236403E-1,1.181407996E-1
8.009441121E1,1.093047065E0,-3.770249569E-1,1.246797262E0
8.011430921E1,5.533494991E-1,-3.821471179E-1,2.306034265E0
8.013420821E1,4.536911635E-1,-4.109867549E-1,2.481969675E0
8.015410721E1,5.631984030E-1,-1.549365968E-1,1.098076840E0
8.017400521E1,1.141997762E-1,8.843650550E-1,1.577179711E0
8.019390421E1,2.305478194E-1,1.245414834E0,4.259228533E0
8.021380221E1,2.212709925E0,9.923520184E-1,2.755775195E0
8.023370121E1,1.809707105E0,2.510317268E0,1.032934326E0
8.025360021E1,1.956733881E0,3.358940048E0,2.359298891E0
8.027349821E1,2.578575033E0,4.765347440E0,2.673955107E0
8.029339721E1,3.743459381E0,5.587646640E0,1.196043722E0
8.031329521E1,4.158854352E0,4.967985038E0,-2.280560285E-3
8.033319421E1,8.910459374E-1,2.915358574E0,-2.515448785E0
8.035309321E1,-3.258549203E0,5.998284316E-1,-1.718457942E0
8.037299121E1,-4.758222023E0,-1.046100209E0,-2.644975137E0
8.039289021E1,-5.088067551E0,1.176099016E0,-3.551618668E0
8.041278821E1,-4.661243028E0,5.003361862E0,3.825107416E-1
8.043268721E1,-1.787666756E0,5.247887158E0,2.254986902E0
8.045258621E1,4.465460122E-2,3.421202955E0,3.569941503E-1
8.047248421E1,8.294496135E-1,1.554613844E0,-4.260159118E0
8.049238321E1,8.856879875E-1,-2.670861930E-1,-7.061410448E0
8.051228121E1,8.890527678E-1,-2.448686446E0,-5.976158452E0
8.053218021E1,-1.544800754E-1,-3.097259021E0,-3.319647051E0
8.055207921E1,-1.959211346E0,-2.829547176E0,-3.462140189E0
8.057197721E1,-2.106993290E0,-1.971560665E0,-3.514677714E0
8.059187621E1,-1.247950479E0,-1.632394091E0,-3.313593721E0
8.061177421E1,-6.770572865E-1,-2.078469402E0,-2.609820507E0
8.063167321E1,-4.698325485E-1,-2.620171832E0,-1.680331904E0
8.065157221E1,-2.034668787E-1,-3.189462011E0,-7.923614556E-1
8.067147021E1,-1.595101427E-1,-3.696168855E0,-7.689708388E-1
8.069136921E1,-3.506095755E-1,-4.357135774E0,-1.964202529E-1
8.071126721E1,-2.419840962E-2,-4.562460752E0,6.417652470E-1
8.073116621E1,9.700054219E-1,-4.629800211E0,1.119823658E0
8.075106521E1,-2.384800060E-1,-3.450851846E0,2.666924707E0
8.077096321E1,-5.551459099E-1,-1.312631502E0,3.704607265E0
8.079086221E1,1.923269973E0,1.499164113E0,4.038076020E0
8.081076121E1,1.979983433E0,6.409890291E0,4.723124988E0
8.083065921E1,-8.027779779E-1,7.795866927E0,3.431243793E0
8.085055821E1,-2.533661107E0,2.101098127E0,2.633342101E0
8.087045621E1,-2.052761826E0,-1.784352116E0,5.876271636E0
8.089035521E1,-8.690269312E-1,2.162255909E0,5.488615272E0
8.091025421E1,-1.082575725E0,1.047297836E1,-3.899344397E0
8.093015221E1,-5.773368827E0,6.900750012E0,-1.215857627E1
8.095005121E1,-2.920795900E0,-7.986683793E0,2.587239437E0
8.096994921E1,-4.194466527E-1,-1.410552717E1,1.527376051E0
8.098984821E1,4.965097390E-1,-7.107954285E0,-2.599300781E-1
8.100974721E1,2.281550803E0,2.551750054E0,-6.457949726E0
8.102964521E1,1.609721951E0,9.156326898E0,-7.334759009E0
8.104954371E1,1.272940017E0,8.412665148E0,-4.003925357E0
8.106944171E1,1.054468817E0,-7.961796874E-1,-1.309677050E0
8.108934071E1,-3.314200370E-1,-4.119941132E0,-7.139201805E-1
8.110923971E1,-1.782049190E0,-3.731125265E0,-5.607481273E-1
8.112913771E1,-1.676894326E0,-1.810519575E0,7.222349212E-2
8.114903671E1,-1.561355683E-1,-5.255617762E-1,-8.679104054E-1
8.116893471E1,8.764683902E-1,-1.702615643E-1,-2.106205670E0
8.118883371E1,1.512714158E0,-2.657039112E-1,-1.719476674E0
8.120873271E1,1.678114055E0,-1.862566227E-1,-1.008505536E0
8.122863071E1,1.520142753E0,-5.326345682E-2,-7.438535392E-2
8.124852971E1,1.278049168E0,-7.919176519E-2,7.004964352E-1
8.126842871E1,1.039195379E0,-3.590453535E-1,4.809756239E-1
8.128832671E1,9.702077356E-1,-7.109044790E-1,1.563475299E-1
8.130822571E1,9.587137176E-1,-1.222185016E0,4.337126894E-1
8.132812371E1,3.166559637E-1,-9.233045876E-1,8.411804438E-1
8.134802271E1,-1.781069197E-1,-5.246180356E-1,1.688605568E0
8.136792171E1,-2.783738042E-1,-4.179162902E-1,2.486886306E0
8.138781971E1,1.429322630E-2,-4.080783498E-1,1.688736691E0
8.140771871E1,9.804888949E-2,1.114748275E-1,6.784959939E-1
8.142761671E1,-1.487612061E-1,9.573464924E-1,2.535952631E0
8.144751571E1,1.344021548E0,8.368236834E-1,3.127400833E0
8.146741471E1,2.747610728E0,1.387743080E0,1.096124893E0
8.148731271E1,1.449741253E0,3.050074330E0,1.323993372E0
8.150721171E1,1.211195320E0,3.459434389E0,3.419861019E0
8.152711071E1,2.110515798E0,5.057870191E0,2.342352637E0
8.154700871E1,4.224630266E0,5.875400401E0,3.214974582E-1
8.156690771E1,2.849708961E0,4.997666674E0,-1.499174784E0
8.158680571E1,-1.023364188E0,2.638160791E0,-1.391892410E0
8.160670471E1,-3.965628141E0,-7.312329090E-1,-1.078388023E0
8.162660371E1,-5.472555894E0,-1.986735359E0,-2.435292814E0
8.164650171E1,-4.695334049E0,8.588425434E-1,-1.742431673E0
8.166640071E1,-2.428159649E0,4.915149012E0,-4.056179146E-1
8.168629971E1,-7.197799677E-1,4.881318777E0,-7.141029060E-1
8.170619771E1,7.150790986E-1,2.737094511E0,-2.754680012E0
8.172609671E1,1.250076088E0,8.236569232E-1,-4.416977933E0
8.174599471E1,1.158856454E0,-6.315910918E-1,-4.883060077E0
8.176589371E1,6.624627824E-1,-2.009264097E0,-3.235110931E0
8.178579271E1,-3.322452253E-1,-2.339604299E0,-1.727101443E0
8.180569071E1,-1.460980918E0,-2.269228381E0,-2.682807791E0
8.182558971E1,-6.591795708E-1,-1.297029376E0,-4.080681172E0
8.184548871E1,-8.536569402E-1,-1.111671470E0,-3.564016519E0
8.186538671E1,-1.036692770E0,-1.096407314E0,-2.233236137E0
8.188528571E1,-1.017037940E0,-1.158715829E0,-2.187686912E0
8.190518371E1,-1.083417724E0,-1.733384861E0,-1.905960753E0
8.192508271E1,-1.001951538E0,-2.868400170E0,-1.002651596E0
8.194498171E1,-5.159390134E-1,-3.619759780E0,-3.804321295E-1
8.196487971E1,-2.566309328E-1,-3.554326513E0,7.529865977E-1
8.198477871E1,-2.034296027E-1,-2.973987436E0,7.148723996E-1
8.200467771E1,4.845241164E-1,-2.774572240E0,4.004872021E-1
8.202457571E1,1.241897734E0,-2.445009132E0,3.820354360E-1
8.204447471E1,1.396487591E-1,-1.042028793E0,1.329270923E0
8.206437246E1,-1.599871293E-1,7.774434543E-1,2.795224020E0
8.208427146E1,1.035848725E0,2.956395503E0,3.115864569E0
8.210417046E1,9.179488304E-1,4.654790626E0,2.629861253E0
8.212406846E1,-9.028559974E-1,2.775940488E0,1.834223018E0
8.214396746E1,-7.388006678E-1,-1.892130334E0,5.069509073E0
8.216386646E1,1.388218166E-1,-4.433568823E0,4.668751730E0
8.218376446E1,5.987212613E-2,-2.497054029E0,3.362936912E0
8.220366346E1,-2.700916033E0,4.963144712E0,9.109587765E-1
8.222356146E1,-7.174216686E0,9.792896894E0,-7.034330238E0
8.224346046E1,-4.340158383E0,5.750022649E0,-7.314444612E0
8.226335946E1,2.617506087E-3,-2.427990811E0,7.463690114E-1
8.228325746E1,3.952281579E0,-7.603965987E0,3.087410556E0
8.230315646E1,3.614213988E0,-6.138416348E0,-3.600722415E0
8.232305546E1,2.393487853E0,-6.705861729E-1,-8.050169352E0
8.234295346E1,2.038147588E0,5.301617222E0,-7.659436768E0
8.236285246E1,1.243952445E0,6.998572176E0,-3.593886436E0
8.238275046E1,3.782622278E-1,1.919899930E0,1.534012349E0
8.240264946E1,1.416718957E-1,-8.366406655E-1,3.360143405E-1
8.242254846E1,-2.463317934E-1,-2.131690174E0,-1.340147329E0
8.244244646E1,-1.712789652E0,-1.723193164E0,-1.708256305E0
8.246234546E1,-8.897798690E-1,-2.367238240E0,-1.866708394E0
8.248224446E1,-1.326241042E0,-6.258508801E-1,-2.453010462E0
8.250214246E1,-4.140077189E-2,2.271614045E-1,-5.382257489E-1
8.252204146E1,-2.970308076E-1,7.354230237E-1,-1.448280034E-1
8.254194046E1,1.344653632E0,4.477142859E-1,1.185963927E0
8.256183846E1,4.234870787E-1,-7.273983049E-1,-1.187056698E0
8.258173746E1,1.018921182E-1,-2.018909079E-1,-2.751843528E0
8.260163546E1,5.965227082E-2,-2.424460262E-1,-1.090164242E0
8.262153446E1,5.856388472E-1,-4.208802438E-1,9.479201961E-1
8.264143346E1,-3.221618481E-1,1.234715599E0,8.906379479E-1
8.266133146E1,-1.082511260E0,1.744469427E0,2.866539001E-2
8.268123046E1,6.941415350E-1,4.587894970E-1,3.195982826E-1
8.270112946E1,5.561500230E-1,-5.157261747E-1,-1.574760425E-1
8.272102746E1,7.579580466E-1,-3.532016462E-1,-1.423025088E-1
8.274092646E1,-9.384342581E-2,-6.816227925E-1,-2.426746523E-1
8.276082546E1,-4.727011925E-1,-1.839300156E-2,-3.703907061E-1
8.278072346E1,-4.907590024E-1,-3.851876700E-1,-6.308888412E-1
8.280062246E1,-2.213222288E-1,-2.751617825E-1,-1.092870333E0
8.282052046E1,3.819790104E-1,4.080567151E-1,-1.493033892E0
8.284041946E1,7.897926275E-1,1.030742497E0,-1.300358781E0
8.286031846E1,4.741651891E-1,2.292400897E-2,-1.604281847E0
8.288021646E1,8.193995655E-3,-1.131019322E0,-1.795122102E0
8.290011546E1,-1.250806552E0,-1.047218782E0,-1.404784205E0
8.292001446E1,-1.558438069E0,-2.026913917E-1,-1.119500892E0
8.293991246E1,1.695383514E0,-9.269427252E-1,1.666074053E0
8.295981146E1,5.953525342E-1,1.247061995E0,9.365859532E-1
8.297971046E1,3.766222300E-1,1.447523258E0,-7.670412576E-1
8.299960846E1,-1.662110518E-1,-3.755625683E-1,-2.027559450E0
8.301950746E1,-5.965061899E-1,-6.949041581E-1,-9.118569088E-1
8.303940646E1,-3.470766878E-1,-3.171991700E-1,2.941186018E-3
8.305930508E1,-5.578534631E-1,-2.052513027E-1,1.681577726E-1
8.307920408E1,-1.141163657E0,-1.188048971E-1,4.003818791E-2
8.309910208E1,-1.217928243E0,-1.732588470E-2,-2.081246245E-1
8.311900108E1,-6.683937594E-1,-2.556683350E-1,-6.299660774E-1
8.313890008E1,-6.087819806E-1,1.246316475E-1,-7.488330281E-1
8.315879808E1,1.219838820E-1,2.817334682E-1,-1.840972094E-1
8.317869708E1,3.388616422E-1,5.087194562E-1,4.076223036E-1
8.319859608E1,4.179686227E-1,-3.005790442E-1,-1.075466315E-1
8.321849408E1,8.014471516E-2,-9.512782520E-1,-8.959361100E-1
8.323839308E1,7.309763624E-1,-1.286783300E0,-6.453981221E-1
8.325829208E1,1.082657879E0,-9.790402472E-1,-1.477825284E-2
8.327819008E1,1.417373553E0,-8.316114753E-1,8.012731969E-1
8.329808908E1,3.956037538E-1,2.249392871E0,5.839228356E-1
8.331798808E1,-1.159891850E0,2.271609952E0,-1.600441214E-1
8.333788608E1,6.578155616E-1,-1.961730911E0,2.597660637E-1
8.335778508E1,-2.940667078E-1,2.805651945E-1,-3.582261221E-1
8.337768308E1,-1.277625099E0,2.778662367E0,-3.661234081E-1
8.339758208E1,-1.224168245E0,1.251836246E0,7.008262181E-1
8.341748108E1,7.966549198E-1,-1.613346201E0,6.465932930E-1
8.343737908E1,-1.718828802E0,2.685918510E-2,2.920964885E-1
8.345727808E1,8.989752004E-1,-8.512569505E-1,-1.006154371E0
8.347717708E1,9.697469750E-1,-1.419243200E0,-8.654288471E-1
8.349707508E1,6.043410203E-1,-6.117006183E-2,4.560453987E-1
8.351697408E1,-8.471065968E-1,8.088201982E-1,1.030992174E0
8.353687308E1,-1.849494776E-1,5.113109422E-1,7.696309894E-1
8.355677108E1,-9.069943643E-1,8.428913391E-1,6.975605482E-1
8.357667008E1,-1.704330046E0,1.343690742E0,-8.588569421E-2
8.359656908E1,-6.105077863E-1,1.596786302E0,5.951288782E-2
8.361646708E1,1.012836861E0,-9.129398131E-1,5.718875116E-1
8.363636608E1,1.292656010E1,-9.628752687E0,-2.185813172E0
8.365626508E1,-4.101091171E0,3.509488894E0,1.404280321E0
8.367616308E1,-6.800440443E-1,1.154622778E0,-3.893193126E-2
8.369606208E1,-8.369684020E-1,2.898582913E0,-8.296054418E-1
8.371596108E1,-1.956586238E0,3.119439265E0,2.385946114E-1
8.373585908E1,-2.129583130E0,-1.266423880E0,5.939119264E-2
8.375575808E1,-4.450993525E0,1.213004887E-2,1.344815015E0
8.377565608E1,-7.428188744E-1,-4.249890822E-1,-1.797602491E0
8.379555508E1,2.010300516E0,-1.215058429E0,-1.690126428E0
8.381545408E1,-5.283085057E-1,2.859346926E-1,8.785371351E-1
8.383535208E1,-8.433804587E-1,1.015450859E-1,7.558023244E-1
8.385525108E1,-1.151799157E0,8.472878605E-1,4.226903956E-1
8.387515008E1,-5.312859079E-1,1.085001150E0,1.458145456E0
8.389504808E1,4.865260568E-1,-3.280527717E-1,9.407268052E-1
8.391494708E1,1.131050605E0,-1.235371656E0,-7.352575475E-1
8.393484608E1,2.210851826E0,-1.961234483E0,-8.769782674E-1
8.395474408E1,2.421845972E0,-1.283131129E0,-4.379641999E-1
8.397464308E1,2.135621550E0,-9.224579108E-1,5.839696133E-1
8.399454208E1,2.663375739E0,-9.066634119E-1,1.329328372E0
8.401444008E1,3.164618069E0,-8.941386759E-1,4.780987573E-1
8.403433908E1,2.699918206E0,-6.758153379E-2,6.753335273E-1
8.405423758E1,-1.039631727E0,9.638392407E-1,-2.421979581E-1
8.407413558E1,-5.807610707E0,2.352634234E0,-1.395860769E0
8.409403458E1,-2.311295004E0,-1.194877349E0,-4.425488555E-1
8.411393358E1,-1.484000236E0,-4.367109954E-2,-6.779671133E-2
8.413383158E1,-9.264802104E-1,3.667584157E-1,2.541916206E-2
8.415373058E1,-6.351543850E-1,-2.837308770E-1,-1.009157062E0
8.417362958E1,-9.883890679E-1,-2.682129514E-1,-3.623402596E-1
8.419352758E1,-1.445731671E0,5.314709723E-1,-3.052889764E-1
8.421342658E1,-1.944116759E0,7.706489897E-1,8.668489896E-1
8.423332558E1,-1.117894662E0,3.097691131E-1,1.016357177E-1
8.425322358E1,8.313729089E-1,8.622771978E-2,7.303487369E-1
8.427312258E1,7.236590105E-1,-3.138247418E-1,1.181441617E0
8.429302158E1,9.163458163E-1,-3.103222597E-1,1.069859201E-1
8.431291958E1,1.588867418E0,-1.052492970E-1,3.464907968E-1
8.433281858E1,1.475745137E0,-1.837177616E-1,1.484475030E-1
8.435271758E1,1.382922927E0,-3.625414038E-1,5.017934293E-3
8.437261558E1,9.478456441E-1,-6.656400132E-1,-5.811562255E-2
8.439251458E1,1.287080923E0,-5.037978548E-1,7.407194316E-2
8.441241358E1,1.626501852E0,7.207336485E-2,2.218006772E-1
8.443231158E1,2.084966244E0,9.798512560E-1,6.873045319E-1
8.445221058E1,-7.006465332E0,3.291321092E0,4.520359045E0
8.447210958E1,3.830153124E0,-3.728857130E-1,-2.384785442E-1
8.449200758E1,-1.939544821E-1,6.856386602E-2,-2.224340037E-1
8.451190658E1,-1.591020070E0,-6.193715805E-1,-6.102054852E-1
8.453180558E1,-1.138930605E0,-2.072288895E0,-2.163815947E0
8.455170358E1,-1.462160886E0,-2.894582832E0,-1.305986287E0
8.457160258E1,-5.065556940E-1,-2.378455539E0,-6.901724450E-1
8.459150158E1,5.926781639E-1,-9.055179423E-1,-6.003709070E-1
8.461139958E1,2.460368013E-1,-7.724382377E-1,-2.843424958E-1
8.463129858E1,-8.657124370E-1,7.660752976E-1,5.730680645E-1
8.465119758E1,-1.115761013E0,1.169976397E0,1.525913955E0
8.467109558E1,-1.116974895E0,1.512316255E0,5.973024344E-1
8.469099458E1,-6.636282787E-1,1.953493938E0,-2.152010711E-1
8.471089358E1,-9.301852986E-1,1.582461793E0,7.015815322E-1
8.473079158E1,-2.793708130E0,4.733742070E-1,4.450885937E-2
8.475069058E1,-1.949615773E0,-7.393891901E-1,-8.104303752E-1
8.477058958E1,9.957378486E-1,-5.911827385E-1,-2.422912212E-1
8.479048758E1,1.041487049E0,7.479805040E-1,4.467575352E-1
8.481038658E1,8.325408903E-1,-3.637962162E-2,2.336294483E-1
8.483028558E1,-2.969771594E-1,-6.649570584E-2,2.011301851E-1
8.485018358E1,-5.703099328E-1,1.758427316E-1,-1.376551509E-2
8.487008258E1,-7.463017684E-1,6.878518313E-1,4.491233186E-1
8.488998158E1,9.648715666E-1,1.662509590E-1,5.142392278E-1
8.490987958E1,9.379091781E-1,-2.883302969E-1,9.313433397E-1
8.492977858E1,5.984654456E-2,-4.606073964E-1,4.473039575E-1
8.494967758E1,-4.558898628E-2,-5.759314460E-1,7.543883215E-1
8.496957558E1,8.507523358E-2,-2.620979333E-1,-5.274363935E-2
8.498947458E1,1.208855411E0,-4.337499654E-1,-7.897750859E-1
8.500937358E1,1.244187211E0,-1.826290101E-1,-2.385494417E-1
8.502927158E1,1.339232532E0,-2.918924206E-1,-1.217309900E-1
8.504917058E1,1.176396055E0,-1.224770654E0,1.778844331E-1
8.506906983E1,2.055582231E0,-1.466171198E0,1.744000773E-1
8.508896783E1,4.940897226E-1,-1.554874045E-1,-2.777662785E-1
8.510886683E1,-2.142361635E0,2.150101887E0,3.841269851E-1
8.512876583E1,-1.822470992E0,2.393627894E-1,-1.184470475E-1
8.514866383E1,-9.061275145E-1,-4.603881258E-1,-1.811805086E-1
8.516856283E1,2.851336241E-2,3.085879755E-1,4.168795788E-1
8.518846183E1,6.901667440E-1,3.451979774E-1,7.112839633E-1
8.520835983E1,2.444340795E-1,9.314906895E-2,-2.805529153E-1
8.522825883E1,-3.751336750E-1,-3.148105824E-1,1.341700642E-1
8.524815783E1,-3.339947122E-1,3.617204547E-2,-2.645262820E-1
8.526805583E1,-7.121499360E-2,2.778240198E-1,6.224536479E-2
8.528795483E1,-4.762443128E-1,3.284562296E-1,6.351406440E-2
8.530785383E1,-2.830695570E-1,7.643456912E-1,-4.397690892E-3
8.532775183E1,-6.088240805E-1,1.080560190E0,2.337816221E-1
8.534765083E1,-3.314815789E-1,1.022828876E0,1.018044392E0
8.536754983E1,1.939986286E-1,1.223685996E0,6.402350307E-1
8.538744783E1,5.786822686E-1,1.971947166E0,2.826649296E-1
8.540734683E1,-1.092862439E0,2.311376281E0,-8.224693537E-2
8.542724583E1,-1.240781793E0,1.664488873E0,2.508530067E-1
8.544714383E1,-2.265634097E0,2.005553454E0,1.329528785E0
8.546704283E1,-2.365705977E0,1.265374305E0,1.249779196E0
8.548694183E1,-1.366158960E0,-3.747878122E-1,-2.983916008E-1
8.550683983E1,-1.087290335E0,-1.014118279E0,-1.008879904E0
8.552673883E1,1.092783502E0,-1.900421686E0,-4.003860453E-1
8.554663783E1,1.958762426E0,-2.065633010E0,-2.955956085E-1
8.556653583E1,1.351083084E0,-1.260327573E0,9.988611388E-1
8.558643483E1,7.209222212E-1,-1.099713914E0,3.023162520E-1
8.560633383E1,1.038122561E0,-1.380796587E0,-9.277835548E-1
8.562623183E1,1.347078618E0,-2.222335466E0,-1.044344437E0
8.564613083E1,7.445856106E-1,-3.327037055E0,-9.429716974E-1
8.566602983E1,7.004766277E-1,-2.519367589E0,-1.382881266E0
8.568592783E1,4.895676322E-1,-1.821147475E0,-3.302403612E-1
8.570582683E1,-4.972311392E-1,-8.608890688E-1,6.324319214E-1
8.572572583E1,-9.618650745E-1,5.094737470E-2,6.030483471E-1
8.574562383E1,-8.571111828E-2,-3.391466939E-1,-3.630699921E-1
8.576552283E1,-2.654114042E-1,2.443902254E-1,-3.786330874E-1
8.578542183E1,-2.083104198E-1,1.270081313E0,-1.722287138E-1
8.580531983E1,3.878730038E-1,1.770947374E0,1.337242432E0
8.582521883E1,6.072289601E-2,2.635331908E0,1.557506169E0
8.584511783E1,-1.221804947E-1,2.150570249E0,1.306278502E0
8.586501583E1,1.371791875E-1,2.005618358E0,1.686789569E0
8.588491483E1,3.045064728E-1,3.104052901E0,1.894098799E0
8.590481383E1,3.234685546E-1,2.567962629E0,1.404466701E0
8.592471283E1,-9.138990489E-1,2.534734071E0,1.382330897E0
8.594461083E1,-4.137904948E-1,2.377117696E0,3.439710562E0
8.596450983E1,-1.171457496E0,1.165423170E0,9.110195875E-1
8.598440883E1,-1.179758496E0,-8.873535669E-1,-2.973208587E0
8.600430683E1,-1.889527007E0,-1.926672176E0,-3.204895152E0
8.602420583E1,-1.948644112E0,-2.884851896E0,-8.482848839E-1
8.604410483E1,4.433518244E-1,-7.220533651E-1,3.115175767E-1
8.606400246E1,1.432244338E0,-3.334959447E-1,1.800239586E0
8.608390146E1,-1.467836778E-1,-2.054111071E0,2.136689544E0
8.610380046E1,-3.840777223E0,-1.351712537E-1,-1.212388591E0
8.612369846E1,-1.982980862E0,-1.530063139E0,-6.603400239E-1
8.614359746E1,-5.987782717E-2,-1.275862455E0,-1.954524656E-1
8.616349646E1,9.495417751E-1,-9.887092030E-1,3.454999130E-2
8.618339446E1,1.471029211E0,6.365191251E-1,1.581636385E-1
8.620329346E1,5.717056632E-1,1.744223260E0,-2.750378946E-1
8.622319246E1,-1.128728968E-1,7.144923306E-1,5.652456594E-1
8.624309046E1,-1.393420726E0,1.244452967E0,1.379592646E0
8.626298946E1,-8.281274119E-1,-2.612962800E-1,7.097876608E-2
8.628288846E1,-4.641139716E-1,-1.666859919E-1,-1.859184343E-2
8.630278646E1,-9.343412071E-1,-3.364639914E-1,-5.669003848E-1
8.632268546E1,8.992228299E-2,-2.978969264E-1,5.025874811E-1
8.634258446E1,3.653182465E-1,3.483712614E-1,4.339651795E-1
8.636248246E1,2.532165974E-2,1.106344072E0,1.468635800E0
8.638238146E1,-7.034232590E-1,8.690120208E-1,2.595450389E-1
8.640228046E1,-1.446876264E0,7.583055174E-1,2.079737663E0
8.642217846E1,-8.847802073E-1,3.663023329E-1,7.539282918E-1
8.644207746E1,-1.286331895E-1,7.332197928E-1,3.208834640E-1
8.646197646E1,2.640982658E-2,9.138361913E-1,6.027076371E-1
8.648187446E1,1.516010526E-1,6.873127180E-1,1.851955869E0
8.650177346E1,-9.810125130E-1,3.314587748E0,1.017086618E-1
8.652167246E1,5.692796534E-1,2.732304472E0,-5.511455666E0
8.654157046E1,-2.878486910E0,1.637047305E0,7.336101530E0
8.656146946E1,1.636594731E0,-2.461638613E0,3.426715125E0
8.658136846E1,8.524953908E-1,-9.643853706E-1,1.512699394E0
8.660126746E1,1.652686268E0,1.168085407E0,6.737979023E-1
8.662116546E1,2.411644920E0,2.498386610E-1,4.563927233E-1
8.664106446E1,1.036906632E0,1.212482731E0,1.194879396E0
8.666096346E1,3.188603640E-1,1.703161772E0,7.985729527E-1
8.668086146E1,1.122404035E0,-4.801347578E-1,2.147366560E-1
8.670076046E1,3.281662077E-1,-1.568231424E0,4.741507173E0
8.672065946E1,-2.770615429E-1,-1.070509411E0,1.980498719E0
8.674055746E1,-2.720563263E-1,1.556264513E0,-1.125673067E0
8.676045646E1,3.385937228E0,7.206564653E-1,-3.815249741E-1
8.678035546E1,4.906698616E0,1.577006341E0,2.263726151E0
8.680025346E1,6.483587428E0,7.325251436E-1,8.275552619E-1
8.682015246E1,5.455004892E0,-9.760254228E-1,1.631873689E0
8.684005146E1,4.438723728E0,-2.867891462E0,2.051765607E0
8.685994946E1,3.104136516E0,-3.917587709E0,1.716708894E0
8.687984846E1,8.728127110E-1,-3.795914168E0,5.136088979E-1
8.689974746E1,6.341539264E-2,-3.640344318E0,-8.170820215E-1
8.691964546E1,-3.554323590E-1,-3.373945758E0,-6.408273536E-1
8.693954446E1,-2.363988358E-1,-2.965042951E0,-1.413443931E0
8.695944346E1,-1.099498152E0,-1.331282365E0,-2.948411130E0
8.697934246E1,-7.340641308E-1,1.040278137E-2,-4.048797475E0
8.699924046E1,7.922696543E-1,3.813834715E-1,-4.679685731E0
8.701913946E1,1.470081524E0,1.261644366E0,-4.071472392E0
8.703903846E1,1.686400436E0,2.258375949E0,-4.267978014E0
8.705893683E1,1.116052204E0,2.352486885E0,-4.940258710E0
8.707883583E1,8.496042350E-1,2.070170157E0,-3.935311790E0
8.709873483E1,2.631037129E0,1.275929114E0,-2.857858810E0
8.711863283E1,1.244638909E0,1.911671144E-1,-2.569486413E0
8.713853183E1,1.418189532E0,1.704486752E-1,-7.931104839E-1
8.715843083E1,1.003943831E0,-8.643155372E-1,-1.396592841E0
8.717832883E1,-3.750617543E-1,5.196555036E-1,-1.557019973E0
8.719822783E1,-1.243366554E-1,7.516016847E-1,-2.067271399E0
8.721812683E1,1.418894121E-1,6.240084225E-1,-1.428007007E-2
8.723802483E1,4.897890955E-1,9.039210677E-2,5.819733739E-1
8.725792383E1,-3.427880475E-1,3.388718748E-1,-1.477187937E-1
8.727782283E1,-8.555306804E-1,1.754095699E0,-5.183305246E-1
8.729772083E1,3.619847488E-1,1.857356358E-1,3.842065072E-1
8.731761983E1,6.782099554E-2,4.686408859E-1,1.088524098E0
8.733751883E1,-1.626390462E0,-1.377796966E-1,1.563013369E-1
8.735741683E1,-2.998582579E0,2.629656601E-1,-7.694573271E-1
8.737731583E1,-3.634578379E0,4.677602953E-1,-2.723629543E0
8.739721483E1,2.327305850E-1,6.523592323E-1,-7.120826930E-1
8.741711383E1,2.705776239E0,-4.157446343E-1,1.418124043E0
8.743701183E1,5.436280645E-1,-1.629642391E0,1.225224983E0
8.745691083E1,1.113072171E0,-2.225264921E0,-4.256667745E-1
8.747680983E1,2.542891230E-1,-1.741654578E0,-4.378845316E-1
8.749670783E1,-4.520963354E-1,-1.129905428E0,-1.952729707E0
8.751660683E1,3.582969099E-2,-5.299939656E-1,-2.922655315E0
8.753650583E1,-2.358310711E-1,-2.641251630E-1,-1.497504088E0
8.755640383E1,-1.230265868E0,-6.046658331E-1,4.166316569E-2
8.757630283E1,-1.425941185E0,-8.995198685E-1,3.224020225E-1
8.759620183E1,-1.189345591E0,-8.187552023E-1,5.603176260E-1
8.761609983E1,-1.352087782E0,-4.091659319E-1,9.375770563E-1
8.763599883E1,-1.029600390E0,-6.170122290E-1,1.106789045E0
8.765589783E1,-1.337797260E-1,-1.024503518E0,5.912634301E-1
8.767579583E1,9.569917126E-1,-1.857610127E0,9.058319378E-1
8.769569483E1,1.672781394E0,-1.791523141E0,1.664273111E0
8.771559383E1,1.635204847E0,-1.351014964E0,2.047259889E0
8.773549183E1,8.609587969E-1,-8.833347756E-1,1.975119866E0
8.775539083E1,7.423560673E-1,-5.526320457E-2,-5.994390070E-2
8.777528983E1,-1.544079354E-1,1.820980829E-1,4.300159335E-1
8.779518883E1,-5.943797037E-1,-3.735780233E-1,1.511200022E0
8.781508683E1,-4.931322411E-2,-3.432029074E-1,2.107300268E0
8.783498583E1,-4.873309261E-1,-3.216062164E-1,2.332054959E0
8.785488483E1,-3.847372882E-1,-2.170486450E-2,9.670066774E-1
8.787478283E1,1.790417433E-3,-2.659576803E-1,-9.517571390E-2
8.789468183E1,3.484224245E-1,-5.071816385E-1,-3.820775360E-1
8.791458083E1,2.192289256E-1,-4.809989762E-1,-2.347481668E-2
8.793447883E1,-6.418561712E-2,-3.632734752E-1,4.367630357E-1
8.795437783E1,-2.059276794E-1,-1.897608590E-1,7.796618879E-1
8.797427683E1,-1.258198017E-1,-1.414687049E-1,8.255134141E-1
8.799417483E1,6.758548066E-2,-5.059361815E-2,4.325121099E-1
8.801407383E1,1.778627984E-1,-3.101082516E-1,3.197409546E-1
8.803397283E1,1.696983312E-1,-4.434896725E-1,4.239020848E-1
8.805387183E1,1.527674259E-1,-4.496333420E-1,-6.692787355E-1
8.807376958E1,-3.391256440E-1,-1.500231814E-1,3.704328060E-2
8.809366858E1,1.376807325E-1,-1.395788848E-1,-6.016784906E-3
8.811356758E1,-3.143442670E-1,1.454500741E-1,1.559357105E0